snap(-40,-40,-40)
sky(11,11,55)
fog(80,80,92)
ground(103,103,107)
nCops(7)
fadefrom(4000)
name(Urban Assault)
nlaps(3)
lightson()


//road+chks:

set(10,0,0,250,0)p
set(10,0,5600,250,0)p
set(10,0,11200,250,0)p
set(44,0,16800,250,0)p
set(10,0,22400,250,0)p

node(0,250,23000)brake
chk(40,0,24000,250,0)
node(0,250,25500)turn

set(14,0,26900,250,0)pt
set(10,4500,26900,250,90)p
set(10,10100,26900,250,90)p
set(10,15700,26900,250,90)p

node(15000,250,26900)
chk(40,18000,26900,250,90)
node(20050,250,26900)turn

set(14,20200,26900,250,180)pt
set(22,20200,28825,250,0)
set(14,20200,30750,250,-90)pt

node(20050,250,31000)turn
chk(40,16000,30750,250,90)
node(15000,250,31000)

set(10,15700,30750,250,90)

set(10,12700,30750,250,90)
set(68,9100,30750,250,90)p
set(67,5360,30750,250,90)p
node(6200,-333,30750)
chk(40,6100,30750,-333,90)
node(6000,-333,30750)brake
set(68,1620,30750,250,-90)p

set(23,20300,9500,250,180)


set(14,-4000,30750,250,90)pt

node(-4000,250,32000)turn
chk(40,-4000,34000,250,0)
node(-4000,250,35000)

set(10,-4000,35250,250,0)p

node(-4000,250,41000)
chk(40,-4000,42000,250,0)
node(-4000,250,43000)turn

set(10,-4000,40000,250,0)p
set(14,-4000,44500,250,0)pt
set(10,500,44500,250,90)
set(10,1200,44500,250,90)p
set(14,5700,44500,250,-90)pt
set(10,5700,40000,250,0)p
chk(48,5700,41200,250,0)p
set(31,5700,35000,250,180)pr

set(45,5700,22400,250,0)p
set(45,5700,16800,250,0)p
set(30,5700,12300,250,0)
set(10,5700,6700,250,0)p
chk(48,5700,3000,250,0)
set(10,5700,2100,250,0)p


set(14,5700,-2200,250,90)pt
set(10,10200,-2200,250,90)p
set(10,15800,-2200,250,90)p
set(14,20300,-2200,250,180)pt
chk(48,20300,3000,250,0)
set(10,20300,2100,250,0)p
set(43,20300,6700,250,180)pt

set(43,14700,6700,250,0)pt
set(14,14700,2200,250,180)pt

set(22,12700,2200,250,90)p
chk(48,12200,2200,250,90)
set(22,11700,2200,250,90)pt
set(14,9700,2200,250,90)pt
set(10,9700,6700,250,0)p

set(10,9700,12300,250,0)p
set(14,9700,16800,250,-90)pt
set(10,5200,16800,250,90)p


set(19,-4550,16800,250,0)pt
set(18,-4550,12300,250,0)p
set(22,-4550,8950,250,0)
set(18,-4550,5600,250,0)p
set(18,-4550,0,250,0)p
set(19,-4550,-4550,250,90)pt
chk(40,-2275,-4550,250,90)
set(22,-2275,-4550,250,90)
set(14,0,-4550,250,180)pt

//police positions

cop(26,0,27600)
cop(26,2500,31800)
cop(26,5000,-600)
cop(26,-5000,3700)
cop(26,-4000,1700)
cop(26,-3000,15100)
cop(26,-2000,3000)
cop(26,-1000,-25000)
cop(26,1000,-25000)
cop(26,250,-25000)
cop(26,750,-25000)
cop(27,6500,-25000)
cop(27,4500,-25000)
cop(27,4000,-25000)
cop(27,3000,-25000)



//scenario:

set(85,18100,2900,250,-90)
set(85,18100,1400,250,-90)
set(85,18100,-100,250,180)
set(86,16600,-100,250,180)
set(88,15100,-100,250,180)
set(87,13600,-100,250,180)
set(88,12100,-100,250,180)
set(87,10600,-100,250,180)
set(84,9100,-100,250,180)
set(85,7600,-100,250,180)
set(86,7600,1400,250,90)
set(88,7600,2900,250,90)
set(87,7600,4400,250,90)
set(86,7600,5900,250,90)
set(85,7600,7400,250,90)
set(84,7600,8900,250,90)




set(87,3700,-3100,250,-90)
set(84,3700,-1600,250,-90)
set(85,3700,-100,250,-90)
set(86,3700,1400,250,-90)
set(88,3700,2900,250,-90)
set(87,3700,4400,250,-90)
set(87,3700,5900,250,-90)
set(87,3700,7400,250,-90)
set(88,3700,8900,250,-90)
set(87,3700,10400,250,-90)
set(88,3700,11900,250,-90)


set(87,-1700,4400,250,-90)
set(87,-1700,5900,250,-90)
set(87,-1700,7400,250,-90)
set(88,-1700,8900,250,-90)
set(87,-1700,10400,250,-90)
set(88,-1700,11900,250,-90)
set(88,-1700,13400,250,-90)
set(87,-1700,14900,250,-90)
set(87,-1700,18700,250,-90)
set(87,-1700,20200,250,-90)
set(88,-1700,21700,250,-90)
set(87,-1700,23200,250,-90)
set(87,-1700,24700,250,-90)
set(87,-1700,26200,250,-90)
set(109,-1000,27100,250,90)
set(32,-1000,27600,250,-90)

set(88,1700,4400,250,90)
set(88,1700,5900,250,90)
set(87,1700,7400,250,90)
set(87,1700,8900,250,90)
set(88,1700,10400,250,90)
set(88,1700,11900,250,90)
set(88,1700,13400,250,90)
set(88,1700,14900,250,90)
set(87,1700,18700,250,90)
set(87,1700,20200,250,90)
set(88,1700,21700,250,90)
set(88,1700,23200,250,90)
set(87,1700,24700,250,90)


set(23,20300,9500,250,180)
set(23,14700,9500,250,180)

set(85,2000,28600,250,180)
set(86,3500,28600,250,180)
set(86,5000,28600,250,180)
set(85,6500,28600,250,180)
set(84,8000,28600,250,180)p

//new additions



set(72,12610,13113,250,180)
set(71,12610,18713,250,180)
set(72,12610,24313,250,90)
set(71,18210,24313,250,90)
set(71,18210,13113,250,90)
set(71,23810,13113,250,90)
set(71,23810,24313,250,90)
set(72,29410,24313,250,0)
set(72,29410,13113,250,-90)
set(71,29410,18713,250,0)

set(102,-4960,39280,250,90)
set(102,640,39280,250,90)
set(102,6240,39280,250,90)
set(102,11840,39280,250,90)
set(102,17440,39280,250,90)
set(102,23040,39280,250,90)



set(57,-5180,46700,250,90)
set(57,420,46700,250,90)
set(57,6020,46700,250,90)
set(61,10220,46700,250,0)
set(60,10220,43900,250,180)
set(59,17220,43900,250,90)




maxl(14,-5500,-4291)
maxb(9,-6691,-18709)
maxr(14,22091,-4291)
maxt(9,60509,-18709)