snap(10,40,-20)
sky(100,127,155)
fog(115,145,120) 
ground(95,110,117)
lightson()

fadefrom(7000)


name(Emerald Heights)
nlaps(3)


set(10,0,0,250,0)p
set(10,0,5600,250,0)
set(30,0,4500,250,180)
set(10,0,11200,250,0)p
set(14,0,15200,250,-90)p
chk(40,-1500,15200,250,90)
set(10,-4000,15200,250,90)p
set(13,-9645,13680,250,120)
chk(40,-12487,12160,250,90)
set(12,-15330,13680,250,60)
chk(40,-18172,15200,250,90)
set(13,-21015,13680,250,120)
set(14,-25610,12160,250,0)pt
set(10,-25610,8000,250,0)p
chk(40,-25610,8000,250,0)
set(28,-25610,8000,250,0)pr
set(14,-25610,4000,250,90)pt
set(12,-21015,2480,250,60)
chk(40,-18000,960,250,90)
set(14,-16420,960,250,180)pt
set(12,-14900,5555,250,-30)
set(14,-13380,10150,250,0)pt
chk(40,-12000,10150,250,90)
set(12,-8785,8630,250,60)
set(14,-4190,7110,250,-90)pt
chk(40,-4190,6000,250,0)
set(10,-4190,3000,250,0)p
set(36,-6000,1500,250,90)
set(36,-6000,-1500,250,90)
set(10,-4190,-2600,250,0)p
set(14,-4190,-6600,250,180)pt
chk(40,-5400,-6600,250,90)
set(68,-9100,-6600,250,90)pr
set(67,-12850,-6600,250,90)
set(68,-16600,-6600,250,-90)

set(10,-19000,-6600,250,90)p
set(14,-23000,-6600,250,90)pt
chk(40,-23000,-5000,250,0)
set(14,-23000,-3400,250,0)pt
set(13,-18405,-1880,250,120)
chk(40,-15000,-360,250,90)
set(14,-13810,-360,250,180)pt
set(14,-13810,3000,250,0)pt
chk(40,-12105,3000,250,90)
set(14,-10400,3000,250,-90)pt
set(22,-10400,1000,250,0)
set(12,-11920,-2355,250,-30)
chk(40,-13440,-5197,250,0)
set(13,-11920,-8040,250,30)p
set(14,-10400,-12635,250,90)pt
chk(40,-9000,-12635,250,90)
set(10,-6400,-12635,250,90)p
set(10,-4000,-12635,250,90)p
chk(40,-1500,-12635,250,90)
set(14,0,-12635,250,180)pt
set(10,0,-8635,250,0)p
set(26,0,-4500,250,0)pr
set(10,0,-5600,250,0)
fix(41,0,0,-1800,0)s

//nodes
node(1020,250,1260)
node(940,250,6060)
node(100,250,7860)
node(60,250,13960)
node(-1420,250,15200)
node(-6900,250,15240)
node(-12420,250,12200)
node(-18160,250,15200)
node(-24040,250,12240)
node(-25640,250,10520)
node(-25680,250,5120)
node(-23860,250,3800)
node(-18060,250,960)
node(-16040,250,2480)
node(-13220,250,8720)
node(-12100,250,10080)
node(-5920,250,7340)
node(-4280,250,5940)
node(-4080,250,-2860)
node(-5360,250,-6500)
node(-20580,250,-6580)
node(-23060,250,-5020)
node(-21540,250,-3500)
node(-15060,250,-380)
node(-13780,250,1460)
node(-12140,250,2940)
node(-10260,250,1900)
node(-13380,250,-5100)
node(-10580,250,-11280)
node(-9140,250,-12680)
node(-1560,250,-12680)
node(80,250,-10960)
node(0,250,-5840)

//scenery
set(68,-9100,-6600,250,90)
set(67,-12850,-6600,250,90)
set(68,-16600,-6600,250,-90)
set(118,0,-4500,250,0)
set(89,-5358,12964,250,180)
set(88,-7642,12776,250,0)
set(87,-9396,11738,250,0)
set(86,-14844,11336,250,0)
set(85,-16560,12298,250,0)
set(84,-18170,13238,250,0)
set(85,-19688,12382,250,0)
set(86,-21248,11524,250,0)
set(87,-23064,10628,250,90)
set(88,-23038,9168,250,90)
set(87,-23012,7714,250,90)
set(86,-22960,6128,250,90)
set(85,-21488,4846,250,180)
set(84,-19850,3884,250,180)
set(85,-17928,2846,250,180)
set(86,-17452,4720,250,-90)
set(87,-16542,6280,250,-90)
set(88,-15632,7944,250,-90)
set(87,-14912,9528,250,-90)
set(86,-24620,2400,250,0)
set(85,-23060,1580,250,0)
set(84,-21340,560,250,0)
set(85,-19760,-320,250,0)
set(86,-21340,-1438,250,180)
set(87,-25629,-4966,250,-90)
set(88,-25629,-3328,250,-90)
set(87,-25629,-6664,250,-90)
set(86,-20778,-8449,250,0)
set(85,-22437,-8449,250,0)
set(84,-24101,-8449,250,0)
set(86,-22840,-1420,250,180)
set(86,-24320,-1420,250,180)
set(91,-6570,4430,250,90)
set(92,-2349,5168,250,180)
set(92,-2328,824,250,0)
set(92,-2316,-2059,250,180)
set(92,-2332,-6117,250,0)
set(90,-2357,8318,250,90)
set(87,-8590,-11050,250,180)
set(88,-7110,-11060,250,180)
set(87,-5670,-11060,250,180)
set(88,-4230,-11060,250,180)
set(87,-2790,-11060,250,180)
set(88,-1640,-9790,250,-90)
set(87,-1700,-8290,250,-90)
set(110,-1414,2466,250,-90)
set(110,-1402,3528,250,-90)
set(110,-1408,3042,250,-90)
set(110,-1378,-4416,250,-90)
set(110,-1372,-3822,250,-90)
set(113,-19360,7760,250,180)
set(113,-16180,-10940,250,-90)
set(118,-8860,1380,250,-90)
set(118,-13940,15220,250,-90)
set(118,-9140,-9560,250,90)
set(113,-10888,4871,250,90)
set(101,-11554,6798,250,-90)
set(101,-9455,6800,250,90)
set(99,-12310,-47,250,90)
set(99,-13023,-915,250,90)
set(99,-13612,-2000,250,90)
set(99,-14139,-3353,250,90)
set(99,-14976,-1741,250,90)
set(99,-16798,-2520,250,90)
set(99,-18162,-3481,250,90)
set(100,-21928,-2586,250,-90)
set(100,-23698,-4438,250,0)
set(100,-23710,-5500,250,0)
set(100,-21832,-7286,250,90)
set(100,-21928,-4228,250,90)
set(100,-21808,-5772,250,-90)

//cops


cop(9,10000,10000)
cop(9,10000,10000)
cop(9,100000,1000)
cop(9,10000,100000)
cop(9,10000,10000)
cop(9,10000,10000)
cop(9,10000,10000)
cop(9,10000,10000)
cop(9,10000,10000)
cop(9,10000,10000)
cop(9,1000000000,1000000000)
cop(9,1000000000,1000000000)
cop(9,1000000000,1000000000)
cop(9,1000000000,1000000000)
cop(9,1000000000,1000000000)


maxr(10,3000,-15000)
maxb(7,-15600,-27200)
maxt(7,16600,-27200)
maxl(10,-28600,-15000)