
cop(9,800000,100000)
cop(9,800000,800000)
cop(9,800000,800000)
cop(9,800000,800000)
cop(9,800000,800000)
cop(9,800000,800000)
cop(9,800000,-800000)
cop(9,-800000,800000)
cop(9,-800000,800000)
cop(9,-800000,800000)
cop(9,-800000,800000)
cop(9,-800000,800000)

cop(9,-800000,800000)
cop(9,-800000,-800000)
cop(9,-800000,-800000)


snap(20,-30,-60)
wallid(119)
sky(224,70,0)
fog(113,24,16) 
ground(41,0,8)
lightson()

fadefrom(6000)

name(Twilight Harbor)
nlaps(3)

maxl(21,-15463,-9740)
maxb(22,-12140,-13063)
maxr(21,90137,-9740)
maxt(22,88659,-13063)


set(52,0,-1600,0,0)p
set(52,0,4000,0,0)p
set(52,0,9600,0,0)p
set(52,0,15200,0,0)p
set(52,0,20800,0,0)p
set(52,0,26400,0,0)p
set(52,0,32000,0,0)p
set(52,0,37600,0,0)p
chk(40,0,33600,0,0)
set(53,0,43200,0,0)p

set(53,0,50000,0,180)p
set(52,0,55600,0,180)p
set(52,0,61200,0,180)p
chk(40,0,63600,0,0)
set(55,0,66800,0,0)pt
chk(40,-2800,66800,0,90)
set(52,-5600,66800,0,-90)p
set(56,-11200,66800,0,180)pt
chk(40,-11200,70000,0,0)
set(56,-11200,72400,0,90)pt
set(55,-5600,72400,0,-90)pt
chk(40,-5600,76000,0,0)
set(52,-5600,78000,0,180)p
set(56,-5600,83600,0,90)pt
set(52,0,83600,0,90)p
set(54,5600,83600,0,-90)p

set(54,16800,83600,0,90)p
set(104,22400,83600,0,-90)p
set(45,28000,83600,250,90)p
set(45,33600,83600,250,90)p
chk(40,35000,83600,-333,90)
set(45,39200,83600,250,90)p
set(45,44800,83600,250,90)p
set(104,50400,83600,0,90)p
set(54,56000,83600,0,-90)p

set(54,67200,83600,0,90)p
set(52,72800,83600,0,-90)p
chk(40,73000,83600,0,90)
set(55,78400,83600,0,0)pt
set(104,78400,78000,0,180)p

set(105,78400,69600,250,0)p
set(57,78400,61200,250,0)p
set(63,78400,55600,250,0)p
set(59,78400,47200,250,0)p
chk(40,78400,40000,-750,0)
set(57,78400,38800,250,0)p
set(57,78400,33200,250,0)p
set(57,78400,27600,250,0)p
set(60,78400,23400,250,180)pt

set(46,78400,18000,250,0)p
set(45,78400,13800,250,0)p
chk(40,78400,10000,-333,0)
set(45,78400,8200,250,0)p
set(46,78400,4000,250,-90)pt
set(45,74200,4000,250,90)p
set(45,68600,4000,250,90)p
set(45,63000,4000,250,90)p
chk(40,60000,4000,-333,90)
set(45,57400,4000,250,90)p
set(104,51800,4000,0,-90)p
set(52,46200,4000,0,-90)p
set(52,40600,4000,0,-90)p
chk(40,40000,4000,0,90)
set(54,35000,4000,0,90)p

set(54,22400,4000,0,-90)p
set(56,16800,4000,0,90)pt
set(52,16800,-1600,0,180)p
chk(40,16800,-4000,0,0)
set(55,16800,-7200,0,-90)p
set(52,11200,-7200,0,90)p
chk(40,10000,-7200,0,90)
set(52,5600,-7200,0,90)p
set(55,0,-7200,0,180)pt

set(40,27000,4000,250,90)
fix(41,27000,4000,-550,90)


set(46,75600,73900,250,90)
set(45,75600,70700,250,0)
set(45,75600,65500,250,0)
set(45,75600,59900,250,0)
set(45,75600,54300,250,0)
set(45,75600,48700,250,0)
set(45,75600,43100,250,0)
set(45,75600,38500,250,0)
set(45,75600,37500,250,0)
set(45,75600,31900,250,0)
set(45,75600,26300,250,0)
set(45,75600,21700,250,0)
set(46,75600,18000,250,180)

set(57,82600,23400,250,90)
set(60,86800,23400,250,-90)
set(57,86800,61200,250,180)
set(63,86800,55600,250,180)
set(59,86800,47200,250,180)
set(57,86800,38800,250,180)
set(57,86800,33200,250,180)
set(57,86800,27600,250,180)
set(60,86800,65400,250,0)
set(57,82600,65400,250,-90)