snap(-20,-50,-80)
sky(224,70,0)
fog(113,24,16)
clouds(255,255,255,5,-1000)
ground(41,0,8)
texture(0,0,0,50)
fadefrom(8000)
density(3)
mountains(35992)
nlaps(5)
name(The Joyride)
lightson()

set(10,0,0,250,0)p
set(10,0,5600,250,0)p
chk(40,0,8000,250,0)p
set(14,0,10150,250,0)pt
set(10,4550,10150,250,90)p


chk(40,7550,10150,250,90)
set(14,9100,10150,250,-90)pt
set(13,10620,5570,250,30)p
set(14,12140,990,250,90)pt
chk(40,13440,990,250,90)
set(14,15640,990,250,180)pt
set(10,15640,5540,250,0)p
chk(40,15670,5800,250,0)
set(43,15640,11140,250,180)p

set(30,15640,16800,250,0)pt
set(45,15640,21000,250,0)p
set(45,15640,26600,250,0)p
set(45,15640,32200,250,0)p

set(46,15640,36400,250,0)pt
set(45,11440,36400,250,-90)p
set(45,6240,36400,250,-90)p
set(73,2040,38550,250,180)pt
set(71,2040,44900,250,0)p
set(71,2040,50500,250,0)p
set(71,2040,56100,250,0)p
chk(49,2725,60000,250,0)
set(71,2040,61700,250,0)p

set(73,2040,68000,250,0)p
set(66,2040,72900,250,0)pt
set(65,-2160,72900,1250,90)p
set(65,-7760,72900,1250,90)p
set(66,-11960,72900,250,90)pt
set(73,-11960,68000,250,0)p

set(71,-11960,61700,250,0)p
set(71,-11960,56100,250,0)p
chk(49,-12645,60000,250,0)


set(71,-11960,50500,250,0)p
set(71,-11960,44900,250,0)p
set(72,-11960,39400,250,-90)pt
set(72,-17560,39400,250,90)pt
set(73,-17560,33100,250,180)pt

set(45,-21760,30950,250,90)p
set(30,-25460,30950,250,-90)p



set(10,-31069,30950,250,90)p
set(43,-36119,30950,250,-90)pt
set(10,-36119,26400,250,0)p
set(10,-36119,20800,250,0)p
set(44,-36119,16250,250,90)pt
set(10,-31569,16250,250,90)p
set(10,-25969,16250,250,90)p
set(43,-21419,16250,250,-90)pt

set(10,-21419,11700,250,180)p
set(10,-21419,6100,250,180)p
set(10,-21419,500,250,180)p
set(44,-21419,-4550,250,180)
set(10,-15850,-4550,250,-90)p
set(32,-12650,-3950,250,-90)pr
set(32,-12650,-4550,250,-90)pr
set(32,-12650,-5150,250,-90)pr

set(10,-4550,-4550,250,-90)p
set(14,0,-4550,250,180)pt


set(12,-37619,9650,250,-30)
rpr(69,-39119,6100,250,0)
set(13,-37619,2550,250,30)

//scenery


set(113,13940,5200,300,0)

set(113,1800,2200,300,0)
set(91,-3000,5000,250,90)p
set(89,-3000,2100,250,90)p
set(90,-3000,-800,250,90)p

set(14,-17019,16250,250,-90)
set(30,-17019,11250,250,180)
set(45,-17019,6800,250,0)
set(45,-17019,1200,250,0)
set(46,-17019,-3000,250,180)
set(45,-12819,-3000,250,90)
set(50,-7219,-3000,250,90)
set(46,-3219,-3000,250,0)
set(45,-3219,-6600,250,0)


//fuckingwarehouses

//howdotheywork
set(92,-24600,14000,250,90)
set(92,-24600,12000,250,90)
set(92,-24600,10000,250,90)
set(92,-24600,8000,250,90)
set(92,-24600,6000,250,90)
set(92,-24600,4000,250,90)
set(92,-24600,2000,250,90)
set(92,-24600,0,250,90)
set(92,-24600,-2000,250,90)
set(92,-24600,-7000,250,90)
set(92,-32600,-7000,250,-90)
set(92,-32600,14000,250,-90)
set(92,-32600,12000,250,-90)
set(92,-32600,10000,250,-90)
set(92,-32600,8000,250,-90)
set(92,-32600,6000,250,-90)
set(92,-32600,4000,250,-90)
set(92,-32600,2000,250,-90)
set(92,-32600,0,250,-90)
set(92,-32600,-2000,250,-90)


//scenery
set(32,-37800,5600,250,180)

set(99,-37219,8400,250,0)
set(99,-37219,7900,250,0)
set(99,-37219,7400,250,0)
set(99,-37219,6900,250,0)
set(99,-37219,6400,250,0)
set(99,-37219,5900,250,0)
set(99,-37219,5400,250,0)
set(99,-37219,4900,250,0)
set(99,-37219,4400,250,0)
set(99,-37219,3900,250,0)

set(89,-38600,13600,250,90)
set(90,-38600,-7000,250,180)
set(91,-38600,-2000,250,0)

set(88,-19600,-1600,250,90)
set(87,-19600,400,250,90)
set(86,-19600,2400,250,90)
set(85,-19600,4400,250,90)
set(84,-19600,6400,250,90)
set(85,-19600,8400,250,90)
set(86,-19600,10400,250,90)
set(87,-19600,12400,250,90)
set(88,-19600,14400,250,90)

set(65,-17560,27500,1250,0)
set(30,-17560,21900,250,180)

set(51,-13000,50500,249,180)

set(45,-2160,70150,260,90)
set(45,-7760,70150,260,90)
set(80,12000,11140,250,-90)
set(81,9200,11140,250,-90)
set(78,5400,11140,250,180)
set(81,5400,14940,250,180)
set(77,5400,20540,250,90)
set(74,-200,20540,250,90)
set(76,-4200,20540,250,180)
set(74,-4200,24140,250,0)
set(74,-4200,29740,250,0)
set(74,-4200,35340,250,0)
set(77,-4200,40940,250,0)
set(76,-4200,45240,250,90)
set(76,-1400,45240,250,-90)
set(76,-1400,48040,250,0)
set(74,-5000,48040,250,90)
set(76,-8800,48040,250,90)
set(74,-8800,44040,250,0)
set(74,-8800,38440,250,0)
set(74,-8800,32840,250,0)
set(74,-8800,27240,250,0)
set(74,-8800,21640,250,0)
set(76,-8800,17940,250,-90)
set(74,-12800,17940,250,90)
set(74,-18400,17940,250,90)
set(74,-24000,17940,250,90)
set(74,-29600,17940,250,90)
set(76,-33600,17940,250,180)
set(74,-33600,21640,250,0)
set(76,-33600,25640,250,90)
set(77,-29400,25640,250,90)
set(80,-29400,28440,250,0)

set(78,0,40940,250,-90)
set(79,0,43040,250,0)

set(10,-27019,-4550,250,90)
set(10,-21419,-10150,250,0)

set(10,-41719,30950,250,90)
set(10,-41719,16250,250,90)


set(10,-36119,10650,250,0)
set(10,-36119,5050,250,0)
set(10,-36119,-450,250,0)


set(44,-36119,-4550,250,0)
set(10,-30519,-4550,250,90)
set(10,-41719,-4550,250,90)
set(10,-36119,-10150,250,0)p

maxl(18,-41575,-6625)
maxb(13,-9025,-39175)
maxr(18,20824,-6625)
maxt(13,77375,-39175)