
snap(-40,-60,50)
thunder()
rain(207,207,207)

sky(15,17,18)
fog(15,16,18) 
ground(212,198,150)

clouds(255,255,255,3,-1437)
texture(0,82,255,31)
density(5)
lightson()


fadefrom(6000)

name(Parking Lot Bash)
nlaps(5)


set(10,0,0,250,0)p
set(10,0,5600,250,0)p
chk(40,0,2800,250,0)
set(62,5600,14000,-583,0)p
set(62,5600,19600,-583,0)p
set(62,0,19600,-583,0)p
set(62,0,14000,-583,0)p
set(10,0,25600,250,0)p
set(14,0,30000,250,0)pt
chk(40,4000,30000,250,90)
set(10,4400,30000,250,90)p
set(10,10000,30000,250,90)p
set(10,15600,30000,250,90)p
set(10,21200,30000,250,90)p
set(10,26800,30000,250,90)p
set(10,32400,30000,250,90)p
chk(40,4000,30000,250,90)
set(14,36800,30000,250,-90)pt
set(43,36800,26350,250,180)p
set(10,36800,21450,250,0)p
chk(40,36800,20000,250,0)
set(43,36800,16570,250,180)pt
set(23,34000,16570,250,-90)p
set(29,30500,16570,250,90)p
set(62,21750,18470,-583,0)p
set(62,27350,18470,-583,0)p
set(67,17000,16750,0,90)p
set(67,15600,16750,0,90)p
set(67,13200,16750,0,90)p
set(67,12800,16750,0,90)p
set(67,11400,16750,0,90)p
set(67,10000,16750,0,90)p
set(118,-3400,16750,-585,90)pt
set(87,-11200,16750,250,180)p
set(88,-12800,16750,250,180)p
set(87,-14400,16750,250,180)p

chk(40,-15000,16750,-2100,90)
set(88,-16000,16750,250,180)pt
set(87,-16000,18350,250,90)p
set(88,-16000,19950,250,90)p
set(87,-16000,21550,250,90)p
set(88,-16000,23150,250,90)p
set(87,-16000,24750,250,90)p
set(88,-16000,26350,250,90)pt
chk(40,-15000,26350,-2100,90)

set(10,-13700,16750,-2200,90)
set(10,-16000,18700,-2200,0)
set(10,-16000,24300,-2200,0)
set(10,-13700,26350,-2200,90)

set(87,-14400,26350,250,0)p
set(88,-12800,26350,250,0)p
set(87,-11200,26350,250,0)p
set(45,-4900,30550,250,0)p
set(46,-4900,26350,250,180)p
set(45,-700,26350,250,90)p
set(45,4100,26350,250,90)p
set(45,9700,26350,250,90)p
set(30,13300,26350,250,90)p
set(29,18900,26350,250,-90)p
set(62,21750,24070,-583,0)pt
set(62,27350,24070,-583,0)pt
set(118,24550,15070,-585,180)p
set(89,24550,5600,250,0)p
set(90,24550,0,250,180)p
set(91,24550,-3500,250,0)p
set(43,21750,2800,250,0)p
set(10,21750,-2800,250,0)p
set(43,21750,-7200,250,90)pt
set(10,17300,-7200,250,90)p
set(10,15600,-7200,250,90)p
set(10,10000,-7200,250,90)p
set(10,4400,-7200,250,90)p
set(44,0,-7200,250,0)p
set(47,-8200,-7200,250,0)p
set(43,-15400,-7200,250,90)p
chk(40,-15400,-6000,250,0)
set(10,-15400,-2800,250,0)p
set(10,-15400,2800,250,0)p
set(10,-15400,7200,250,0)p
set(23,-15400,10000,250,180)
set(14,-15400,12800,250,-90)
chk(40,-17000,12800,250,90)
set(43,-15400,32000,250,-90)pt
set(43,-15400,27600,250,90)pt
set(14,-19800,32000,250,0)pt
set(43,-19800,27600,250,0)p
set(10,-19800,22800,250,0)p
set(10,-19800,17200,250,0)p
set(43,-19800,12800,250,0)p
set(10,-19800,7200,250,0)p
set(10,-19800,2800,250,0)p
set(10,-19800,-2800,250,0)p
set(14,-19800,-7200,250,90)pt

//scenery_bits

set(92,-17600,-5000,250,-90)
set(88,-17600,-3200,250,-90)
set(92,-17600,-1400,250,-90)
set(85,-17600,400,250,-90)
set(87,-17600,2200,250,-90)
set(85,-17600,4000,250,-90)
set(86,-17600,5800,250,-90)
set(84,-17600,7600,250,-90)
set(88,-17600,9400,250,-90)
set(92,-17600,11200,250,-90)



set(86,-13400,-5000,250,90)
set(84,-13400,-3200,250,90)
set(87,-13400,-1400,250,90)
set(88,-13400,400,250,90)
set(92,-12700,2200,250,90)
set(86,-13400,4000,250,90)
set(85,-13400,5800,250,90)
set(84,-13400,7600,250,90)
set(87,-13400,9400,250,90)
set(88,-13400,11200,250,90)
set(92,-12700,13000,250,90)



set(26,10150,4500,250,180)
set(26,10150,3650,-250,180)
set(26,12400,2250,250,90)
set(26,11550,2250,-250,90)
set(26,7900,2250,250,-90)
set(26,8750,2250,-250,-90)
set(26,10150,0,250,0)
set(26,10150,850,-250,0)

set(26,-11900,32000,250,-90)
set(26,-11900,27600,250,-90)
set(89,-17600,29800,250,90)
set(90,-12000,29800,250,-90)

set(90,28050,5600,250,0)
set(91,28050,0,250,180)
set(89,28050,-3500,250,0)

set(91,31550,5600,250,0)
set(89,31550,0,250,180)
set(90,31550,-3500,250,0)

set(91,34000,13870,250,90)
set(90,34000,19870,250,90)
set(89,34000,23870,250,90)


set(10,36800,10970,250,0)
set(10,36800,5370,250,0)
set(10,32950,2800,250,90)
set(10,27350,2800,250,90)

set(43,36800,2800,250,180)

set(10,36800,-230,250,0)
set(10,36800,-2715,250,0)
set(14,36800,-7200,250,180)
set(10,32400,-7200,250,90)
set(10,26800,-7200,250,90)


set(10,0,-2800,250,0)

set(94,-2800,13700,-583,0)
set(94,-2800,19800,-583,0)
set(94,8400,13700,-583,0)
set(94,8400,19800,-583,0)
set(94,5600,22400,-583,90)
set(94,5600,11300,-583,90)


set(23,34000,26350,250,-90)

set(29,2080,11200,250,180)
set(29,680,11200,250,0)
set(29,-680,11200,250,180)
set(29,-2080,11200,250,0)

set(29,30500,26350,250,-90)
set(29,30500,24970,250,90)


set(29,30500,17950,250,-90)
set(29,18900,24970,250,90)
set(29,-2080,22150,250,0)
set(29,-680,22150,250,180)
set(29,680,22150,250,0)
set(29,2080,22150,250,180)

set(97,-8200,-11300,250,0)
set(97,-8200,-5700,250,0)
set(98,-8200,-100,250,0)
set(97,-8200,5500,250,0)
set(97,-8200,11100,250,0)
set(97,-8200,16700,250,0)
set(97,-8200,22300,250,0)
set(97,-8200,27900,250,0)
set(97,-8200,33500,250,0)
set(47,-8200,18950,250,0)p

maxl(9,-21291,-7491)
maxb(13,-9891,-18891)
maxr(9,41109,-7491)
maxt(13,33309,-18891)


