nlaps(6)
snap(-13,-24,-63)
sky(171,176,235)
fog(204,167,183)
clouds(255,255,255,3,-1437)
ground(200,202,192)
texture(0,82,255,31)
fadefrom(5000)
density(5)


fadefrom(7100)


name(The Strange Journey)
nlaps(6)



maxl(7,-7891,-5875)
maxb(4,-8275,-5491)
maxr(7,11309,-5875)
maxt(4,25325,-5491)

set(123,-9000,18000,-333,0)
set(123,-9000,9000,-333,0)
set(123,-9000,0,-333,0)

set(123,-3000,-10000,-333,90)
set(123,7000,-10000,-333,90)

set(123,13000,0,-333,180)
set(123,13000,9000,-333,180)
set(123,13000,18000,-333,180)


set(123,-3000,27000,-333,-90)
set(123,7000,27000,-333,-90)

set(10,0,0,250,0)p
set(44,0,5600,250,0)p
set(10,0,11200,250,0)p
set(10,0,16800,250,0)p
chk(40,0,17000,250,0)
set(14,0,21000,250,0)pt
set(10,4400,21000,250,90)p
set(14,8800,21000,250,-90)p
chk(40,8800,17000,250,0)

set(10,8800,16500,250,0)p
set(32,8200,13200,250,180)
set(32,8800,13200,250,180)pr
set(32,9400,13200,250,180)
set(23,8800,13700,250,0)
set(10,8800,9900,250,0)p

set(14,8800,5600,250,180)p
set(10,4400,5600,250,90)p
chk(40,2200,5600,250,90)
set(14,-4400,5600,250,0)pt
set(10,-4400,1050,250,0)p
set(23,-4400,-2250,250,180)p
set(14,-4400,-3950,250,90)p
chk(40,-3100,-3950,250,90)
set(14,-1800,-3950,250,180)p


set(30,-1800,1050,250,0)pr
set(103,-1800,5600,250,0)p
set(30,-1800,10150,250,180)pr
set(10,-1800,12500,250,0)p
chk(40,-1800,14750,250,0)
set(36,-1800,16000,250,0)pr
set(10,0,16800,-573,90)p
set(36,1800,16000,250,0)pr
set(36,2800,16000,250,0)pr
set(10,2800,12500,250,0)p
chk(40,2800,12000,250,0)

set(101,2800,9450,250,180)pr
set(102,2800,5600,250,0)p
set(101,2800,1750,250,0)pr

set(10,2800,0,250,0)p
chk(40,2800,-1,250,0)
set(14,2800,-3950,250,180)pt
set(14,0,-3950,250,90)pt

cop(9,1000000000,1000000000)
cop(9,1000000000,1000000000)
cop(9,1000000000,1000000000)
cop(9,1000000000,1000000000)
cop(9,1000000000,1000000000)
cop(9,1000000000,1000000000)
cop(9,1000000000,1000000000)
cop(9,1000000000,1000000000)
cop(9,1000000000,1000000000)
cop(9,1000000000,1000000000)
cop(9,1000000000,1000000000)
cop(9,1000000000,1000000000)
cop(9,1000000000,1000000000)
cop(9,1000000000,1000000000)
cop(9,1000000000,1000000000)