snap(-27,-27,-27)
lightson()
sky(111,111,111)
fog(222,222,222) 
ground(255,255,255)
snow()
fadefrom(8000)

nlaps(10)
name(When The Hunter Becomes The Hunted)


set(10,0,0,250,0)p
set(10,0,5600,250,0)p
set(10,0,11200,250,0)p
set(10,0,16800,250,0)p
node(0,250,15000)
chk(40,0,15000,250,0)s
set(43,0,22400,250,0)p
set(10,0,28000,250,0)p
set(10,0,33600,250,0)p

node(0,250,38800)turn
set(43,0,39200,250,0)pr
node(1400,250,39200)

set(10,5600,39200,250,90)p
chk(40,7800,39200,250,90)

set(10,11200,39200,250,90)p

node(16000,250,39200)turn
set(44,16800,39200,250,0)pr
node(16800,250,40600)
set(10,16800,44800,250,0)p
chk(40,16800,48000,250,0)
set(10,16800,50400,250,0)p
node(16800,250,55400)turn
set(44,16800,56000,250,0)pr
node(19500,250,56000)
set(10,22400,56000,250,90)p
chk(40,24000,56000,250,90)
set(10,28000,56000,250,90)p

node(33100,250,56000)turn
set(44,33600,56000,250,0)pr
node(33600,250,58600)

set(10,33600,61600,250,0)p
chk(40,33600,64000,250,0)
set(10,33600,67200,250,0)p
set(44,33600,72800,250,0)pr
set(10,28000,72800,250,90)p
chk(40,23000,72800,250,90)
set(10,22400,72800,250,90)p
set(43,16800,72800,250,0)pr
set(10,16800,78400,250,0)p
set(10,16800,84000,250,0)p
chk(40,16800,87000,250,0)
set(10,16800,89600,250,0)p
set(10,16800,95200,250,0)p
set(43,16800,100800,250,-90)pt
set(30,22400,100800,250,-90)p
set(50,26900,100800,250,-90)p

set(32,26900,101650,-333,0)pr


set(45,18200,103800,250,90)pr
set(45,23800,103800,250,90)p
set(45,29400,103800,250,90)p
set(45,35000,103800,250,90)p
set(45,40600,103800,250,90)pr

chk(40,42000,103800,-333,90)
set(46,44800,103800,250,0)pr

set(45,44800,99600,250,180)p
set(45,44800,95200,250,0)p

set(45,44800,89600,250,0)p
set(45,44800,84000,250,0)p
set(45,44800,78400,250,0)p
set(45,44800,72800,250,0)p
set(45,44800,67200,250,0)p
set(45,44800,61600,250,0)p
set(45,44800,56000,250,0)p
set(45,44800,50400,250,0)p
set(45,44800,44800,250,0)p
set(45,44800,39200,250,0)p
set(45,44800,33600,250,0)p
set(45,44800,28000,250,0)p
set(45,44800,22400,250,0)p
set(45,44800,16800,250,0)p
set(45,44800,11200,250,0)p
chk(40,44800,10000,-333,0)
set(50,44800,5600,250,0)pr

set(43,39200,-5600,250,180)p
set(10,33600,-5600,250,90)p
set(10,28000,-5600,250,90)p
chk(40,26000,-5600,250,90)
set(10,22400,-5600,250,90)p
set(44,16800,-5600,250,0)p
set(10,11200,-5600,250,90)p
set(10,5600,-5600,250,90)p
set(44,0,-5600,250,0)pr


//cops


cop(26,700,37000)
cop(27,-700,37000)
cop(26,11200,-5600)
cop(27,5600,-5600)
cop(26,33900,46000)
cop(27,33300,46000)
cop(26,17200,84000)
cop(27,16300,84000)
cop(26,700,-5600)
cop(27,-700,-5600)
cop(26,500,-6800)
cop(26,500,-11200)
cop(26,500,-21200)
cop(27,-500,-21200)
cop(27,-500,-11200)

///scenery


set(85,1700,19500,250,90)
set(86,1700,18000,250,90)
set(87,1700,16500,250,90)
set(88,1700,15000,250,90)
set(87,1700,13500,250,90)
set(86,1700,12000,250,90)
set(85,1700,10500,250,90)
set(84,1700,9000,250,90)
set(85,1700,7500,250,90)
set(86,1700,6000,250,90)
set(87,1700,4500,250,90)
set(88,1700,3000,250,90)
set(87,1700,1500,250,90)
set(86,1700,-0,250,90)
set(84,1700,-1500,250,90)
set(85,1700,-3000,250,90)

set(89,-2500,-8000,250,90)
set(90,2500,-8000,250,-90)
set(91,5500,-8000,250,180)
set(90,8500,-8000,250,180)
set(89,11500,-8000,250,180)
set(90,14500,-8000,250,180)
set(91,19000,-8000,250,180)
set(90,22000,-8000,250,180)
set(89,25000,-8000,250,180)
set(90,28000,-8000,250,180)
set(91,31000,-8000,250,180)
set(90,34000,-8000,250,180)
set(89,37000,-8000,250,180)

set(85,-1700,22500,250,-90)
set(85,-1700,21000,250,-90)
set(85,-1700,19500,250,-90)
set(84,-1700,18000,250,-90)
set(85,-1700,16500,250,-90)
set(86,-1700,15000,250,-90)
set(87,-1700,13500,250,-90)
set(86,-1700,12000,250,-90)
set(85,-1700,10500,250,-90)
set(84,-1700,9000,250,-90)
set(85,-1700,7500,250,-90)
set(86,-1700,6000,250,-90)
set(87,-1700,4500,250,-90)
set(88,-1700,3000,250,-90)
set(87,-1700,1500,250,-90)
set(86,-1700,-0,250,-90)
set(84,-1700,-1500,250,-90)
set(85,-1700,-3000,250,-90)


set(85,18500,19500,250,90)
set(84,18500,18000,250,90)
set(85,18500,16500,250,90)
set(86,18500,15000,250,90)
set(87,18500,13500,250,90)
set(86,18500,12000,250,90)
set(85,18500,10500,250,90)
set(84,18500,9000,250,90)
set(85,18500,7500,250,90)
set(86,18500,6000,250,90)
set(87,18500,4500,250,90)
set(88,18500,3000,250,90)
set(87,18500,1500,250,90)
set(86,18500,-0,250,90)
set(84,18500,-1500,250,90)
set(85,18500,-3000,250,90)

set(85,15100,19500,250,-90)
set(84,15100,18000,250,-90)
set(85,15100,16500,250,-90)
set(86,15100,15000,250,-90)
set(87,15100,13500,250,-90)
set(86,15100,12000,250,-90)
set(85,15100,10500,250,-90)
set(84,15100,9000,250,-90)
set(85,15100,7500,250,-90)
set(86,15100,6000,250,-90)
set(87,15100,4500,250,-90)
set(88,15100,3000,250,-90)
set(87,15100,1500,250,-90)
set(86,15100,-0,250,-90)
set(84,15100,-1500,250,-90)
set(85,15100,-3000,250,-90)

set(92,4000,-3000,250,180)
set(92,7000,-3000,250,180)
set(92,10000,-3000,250,180)
set(92,13000,-3000,250,180)

set(92,20500,-3000,250,180)
set(92,23500,-3000,250,180)
set(92,26500,-3000,250,180)
set(92,29500,-3000,250,180)
set(92,32500,-3000,250,180)
set(92,35500,-3000,250,180)



set(92,4000,19500,250,0)
set(92,7000,19500,250,0)
set(92,10000,19500,250,0)
set(92,13000,19500,250,0)
set(92,20500,19500,250,0)
set(92,23500,19500,250,0)
set(92,26500,19500,250,0)
set(92,29500,19500,250,0)
set(92,32500,19500,250,0)
set(92,35500,19500,250,0)


set(85,37500,19500,250,-90)
set(84,37500,18000,250,-90)
set(85,37500,16500,250,-90)
set(86,37500,15000,250,-90)
set(87,37500,13500,250,-90)
set(86,37500,12000,250,-90)
set(85,37500,10500,250,-90)
set(84,37500,9000,250,-90)
set(85,37500,7500,250,-90)
set(86,37500,6000,250,-90)
set(87,37500,4500,250,-90)
set(88,37500,3000,250,-90)
set(87,37500,1500,250,-90)
set(86,37500,-0,250,-90)
set(84,37500,-1500,250,-90)
set(85,37500,-3000,250,-90)

//extra roads

set(50,44800,0,250,0)
set(50,44800,-5600,250,0)
set(45,44800,-11200,250,0)

set(45,12600,103800,250,90)
set(45,7000,103800,250,90)
set(45,1400,103800,250,90)
set(45,-4200,103800,250,90)

set(10,-5600,-5600,250,90)
set(10,0,-11200,250,0)
set(10,16800,-11200,250,0)
set(10,39200,-11200,250,0)
set(10,5600,22400,250,90)
set(10,11200,22400,250,90)
set(10,16800,0,250,0)
set(10,16800,5600,250,0)
set(10,16800,11200,250,0)
set(10,16800,16800,250,0)
set(10,16800,28000,250,0)
set(10,16800,33600,250,0)
set(10,39200,28000,250,0)
set(10,39200,33600,250,0)
set(43,39200,39200,250,180)
set(43,33600,39200,250,90)
set(10,33600,44800,250,0)
set(10,39200,44800,250,0)
set(10,33600,50400,250,0)
set(10,39200,50400,250,0)
set(43,39200,56000,250,180)
set(10,39200,61600,250,0)
set(10,39200,67200,250,0)
set(43,39200,72800,250,180)
set(10,39200,78400,250,0)
set(10,33600,78400,250,0)
set(10,39200,84000,250,0)
set(10,33600,84000,250,0)
set(10,39200,89600,250,0)
set(10,33600,89600,250,0)
set(10,39200,95200,250,0)
set(10,33600,95200,250,0)
set(23,42000,100800,250,90)
set(43,39200,100800,250,-90)
set(43,33600,100800,250,-90)
set(23,30800,100800,250,-90)
set(10,16800,61600,250,0)
set(10,16800,67200,250,0)
set(10,5600,56000,250,90)
set(10,11200,56000,250,90)
set(10,0,44800,250,0)
set(10,0,50400,250,0)
set(43,0,56000,250,0)
set(10,0,61600,250,0)
set(10,0,67200,250,0)
set(10,0,72800,250,0)
set(10,0,78400,250,0)
set(10,0,84000,250,0)
set(10,0,89600,250,0)
set(10,0,95200,250,0)
set(43,0,100800,250,-90)
set(10,-5600,100800,250,90)
set(10,5600,100800,250,90)
set(10,11200,100800,250,90)
set(10,28000,39200,250,90)
set(10,22400,39200,250,90)
set(44,16800,22400,250,0)
set(10,22400,22400,250,90)
set(10,28000,22400,250,90)
set(10,33600,22400,250,90)
set(43,39200,22400,250,180)
set(10,39200,16800,250,0)
set(10,39200,11200,250,0)
set(10,39200,5600,250,0)
set(10,39200,0,250,0)


//buildings pass 2


set(85,-1700,24000,250,-90)
set(86,-1700,25500,250,-90)
set(87,-1700,27000,250,-90)
set(88,-1700,28500,250,-90)
set(87,-1700,30000,250,-90)
set(86,-1700,31500,250,-90)
set(85,-1700,33000,250,-90)
set(84,-1700,34500,250,-90)
set(85,-1700,36000,250,-90)
set(86,-1700,37500,250,-90)
set(87,-1700,39000,250,-90)


set(92,4000,25000,250,180)
set(92,7000,25000,250,180)
set(92,10000,25000,250,180)
set(92,13000,25000,250,180)
set(92,20500,25000,250,180)
set(92,23500,25000,250,180)
set(92,26500,25000,250,180)
set(92,29500,25000,250,180)
set(92,32500,25000,250,180)
set(92,35500,25000,250,180)

set(85,1700,24000,250,90)
set(86,1700,25500,250,90)
set(87,1700,27000,250,90)
set(88,1700,28500,250,90)
set(87,1700,30000,250,90)
set(86,1700,31500,250,90)
set(85,1700,33000,250,90)
set(84,1700,34500,250,90)
set(85,1700,36000,250,90)
set(86,1700,37500,250,90)


set(92,4000,36500,250,0)
set(92,7000,36500,250,0)
set(92,10000,36500,250,0)
set(92,13000,36500,250,0)
set(92,20500,36500,250,0)
set(92,23500,36500,250,0)
set(92,26500,36500,250,0)
set(92,29500,36500,250,0)
set(92,32500,36500,250,0)
set(92,35500,36500,250,0)

set(85,15100,24000,250,-90)
set(86,15100,25500,250,-90)
set(87,15100,27000,250,-90)
set(88,15100,28500,250,-90)
set(87,15100,30000,250,-90)
set(86,15100,31500,250,-90)
set(85,15100,33000,250,-90)
set(84,15100,34500,250,-90)
set(85,15100,36000,250,-90)
set(86,15100,37500,250,-90)


set(85,18500,24000,250,90)
set(86,18500,25500,250,90)
set(87,18500,27000,250,90)
set(88,18500,28500,250,90)
set(87,18500,30000,250,90)
set(86,18500,31500,250,90)
set(85,18500,33000,250,90)
set(84,18500,34500,250,90)
set(85,18500,36000,250,90)
set(86,18500,37500,250,90)

set(85,37500,24000,250,-90)
set(86,37500,25500,250,-90)
set(87,37500,27000,250,-90)
set(88,37500,28500,250,-90)
set(87,37500,30000,250,-90)
set(86,37500,31500,250,-90)
set(85,37500,33000,250,-90)
set(84,37500,34500,250,-90)
set(85,37500,36000,250,-90)
set(86,37500,37500,250,-90)

//buildings run 3


set(88,-1700,40500,250,-90)
set(87,-1700,42000,250,-90)
set(86,-1700,43500,250,-90)
set(85,-1700,45000,250,-90)
set(84,-1700,46500,250,-90)
set(85,-1700,48000,250,-90)
set(86,-1700,49500,250,-90)
set(87,-1700,51000,250,-90)
set(88,-1700,52500,250,-90)
set(87,-1700,54000,250,-90)
set(86,-1700,55500,250,-90)

set(92,4000,42000,250,180)
set(92,7000,42000,250,180)
set(92,10000,42000,250,180)
set(92,13000,42000,250,180)

set(92,29500,42000,250,180)
set(92,26500,42000,250,180)
set(92,23500,42000,250,180)
set(92,20500,42000,250,180)



set(92,4000,53600,250,0)
set(92,7000,53600,250,0)
set(92,10000,53600,250,0)
set(92,13000,53600,250,0)
set(92,29500,53600,250,0)
set(92,26500,53600,250,0)
set(92,23500,53600,250,0)
set(92,20500,53600,250,0)

set(87,1700,42000,250,90)
set(86,1700,43500,250,90)
set(85,1700,45000,250,90)
set(84,1700,46500,250,90)
set(85,1700,48000,250,90)
set(86,1700,49500,250,90)
set(87,1700,51000,250,90)
set(88,1700,52500,250,90)
set(87,1700,54000,250,90)

set(87,31900,42000,250,-90)
set(86,31900,43500,250,-90)
set(85,31900,45000,250,-90)
set(84,31900,46500,250,-90)
set(85,31900,48000,250,-90)
set(86,31900,49500,250,-90)
set(87,31900,51000,250,-90)
set(88,31900,52500,250,-90)
set(87,31900,54000,250,-90)



set(87,31900,75000,250,-90)
set(88,31900,76500,250,-90)
set(87,31900,78000,250,-90)
set(86,31900,79500,250,-90)
set(85,31900,81000,250,-90)
set(84,31900,82500,250,-90)
set(85,31900,84000,250,-90)
set(86,31900,85500,250,-90)
set(87,31900,87000,250,-90)
set(88,31900,88500,250,-90)
set(87,31900,90000,250,-90)
set(86,31900,91500,250,-90)
set(85,31900,93000,250,-90)
set(84,31900,94500,250,-90)
set(85,31900,96000,250,-90)
set(86,31900,97500,250,-90)
set(87,31900,99000,250,-90)
set(137,36500,97200,250,0)
set(97,36500,91600,250,0)
set(97,36500,86000,250,0)
set(97,36500,80400,250,0)
set(137,36500,76400,250,180)
set(87,35300,42000,250,90)
set(86,35300,43500,250,90)
set(85,35300,45000,250,90)
set(84,35300,46500,250,90)
set(85,35300,48000,250,90)
set(86,35300,49500,250,90)
set(87,35300,51000,250,90)
set(88,35300,52500,250,90)
set(87,35300,54000,250,90)
set(87,37500,42000,250,-90)
set(86,37500,43500,250,-90)
set(85,37500,45000,250,-90)
set(84,37500,46500,250,-90)
set(85,37500,48000,250,-90)
set(86,37500,49500,250,-90)
set(87,37500,51000,250,-90)
set(88,37500,52500,250,-90)
set(87,37500,54000,250,-90)
set(87,15100,42000,250,-90)
set(86,15100,43500,250,-90)
set(85,15100,45000,250,-90)
set(84,15100,46500,250,-90)
set(85,15100,48000,250,-90)
set(86,15100,49500,250,-90)
set(87,15100,51000,250,-90)
set(88,15100,52500,250,-90)
set(87,15100,54000,250,-90)
set(87,18500,42000,250,90)
set(86,18500,43500,250,90)
set(85,18500,45000,250,90)
set(84,18500,46500,250,90)
set(85,18500,48000,250,90)
set(86,18500,49500,250,90)
set(87,18500,51000,250,90)
set(88,18500,52500,250,90)
set(87,18500,54000,250,90)

///building run 4

set(85,1700,57000,250,90)
set(84,1700,58500,250,90)
set(85,1700,60000,250,90)
set(86,1700,61500,250,90)
set(87,1700,63000,250,90)
set(88,1700,64500,250,90)
set(87,1700,66000,250,90)
set(86,1700,67500,250,90)
set(85,1700,69000,250,90)
set(84,1700,70500,250,90)
set(85,1700,72000,250,90)
set(86,1700,73500,250,90)
set(87,1700,75000,250,90)
set(88,1700,76500,250,90)
set(87,1700,78000,250,90)
set(86,1700,79500,250,90)
set(85,1700,81000,250,90)
set(84,1700,82500,250,90)
set(85,1700,84000,250,90)
set(86,1700,85500,250,90)
set(87,1700,87000,250,90)
set(88,1700,88500,250,90)
set(87,1700,90000,250,90)
set(86,1700,91500,250,90)
set(86,1700,93000,250,90)
set(86,1700,94500,250,90)
set(86,1700,96000,250,90)
set(86,1700,97500,250,90)
set(86,1700,99000,250,90)


set(84,15100,58500,250,-90)
set(85,15100,60000,250,-90)
set(86,15100,61500,250,-90)
set(87,15100,63000,250,-90)
set(88,15100,64500,250,-90)
set(87,15100,66000,250,-90)
set(86,15100,67500,250,-90)
set(85,15100,69000,250,-90)
set(84,15100,70500,250,-90)
set(85,15100,72000,250,-90)
set(86,15100,73500,250,-90)
set(87,15100,75000,250,-90)
set(88,15100,76500,250,-90)
set(87,15100,78000,250,-90)
set(86,15100,79500,250,-90)
set(85,15100,81000,250,-90)
set(84,15100,82500,250,-90)
set(85,15100,84000,250,-90)
set(86,15100,85500,250,-90)
set(87,15100,87000,250,-90)
set(88,15100,88500,250,-90)
set(87,15100,90000,250,-90)
set(86,15100,91500,250,-90)
set(85,15100,93000,250,-90)
set(84,15100,94500,250,-90)
set(85,15100,96000,250,-90)
set(86,15100,97500,250,-90)
set(87,15100,99000,250,-90)

set(86,-1700,55500,250,-90)
set(85,-1700,57000,250,-90)
set(84,-1700,58500,250,-90)
set(85,-1700,60000,250,-90)
set(86,-1700,61500,250,-90)
set(87,-1700,63000,250,-90)
set(88,-1700,64500,250,-90)
set(87,-1700,66000,250,-90)
set(86,-1700,67500,250,-90)
set(85,-1700,69000,250,-90)
set(84,-1700,70500,250,-90)
set(85,-1700,72000,250,-90)
set(86,-1700,73500,250,-90)
set(87,-1700,75000,250,-90)
set(88,-1700,76500,250,-90)
set(87,-1700,78000,250,-90)
set(86,-1700,79500,250,-90)
set(85,-1700,81000,250,-90)
set(84,-1700,82500,250,-90)
set(85,-1700,84000,250,-90)
set(86,-1700,85500,250,-90)
set(87,-1700,87000,250,-90)
set(88,-1700,88500,250,-90)
set(87,-1700,90000,250,-90)

set(86,-1700,91500,250,-90)
set(85,-1700,93000,250,-90)
set(84,-1700,94500,250,-90)
set(85,-1700,96000,250,-90)
set(86,-1700,97500,250,-90)
set(87,-1700,99000,250,-90)



set(87,18500,75000,250,90)
set(88,18500,76500,250,90)
set(87,18500,78000,250,90)
set(86,18500,79500,250,90)
set(85,18500,81000,250,90)
set(84,18500,82500,250,90)
set(85,18500,84000,250,90)
set(86,18500,85500,250,90)
set(87,18500,87000,250,90)
set(88,18500,88500,250,90)
set(87,18500,90000,250,90)
set(86,18500,91500,250,90)
set(85,18500,93000,250,90)
set(84,18500,94500,250,90)
set(85,18500,96000,250,90)
set(86,18500,97500,250,90)
set(87,18500,99000,250,90)

set(92,4000,98100,250,0)
set(92,7000,98100,250,0)
set(92,10000,98100,250,0)
set(92,13000,98100,250,0)

set(92,4000,58600,250,180)
set(92,7000,58600,250,180)
set(92,10000,58600,250,180)
set(92,13000,58600,250,180)
set(92,29500,58600,250,180)
set(92,26500,58600,250,180)
set(92,23500,58600,250,180)
set(92,20500,58600,250,180)
set(92,29500,75600,250,180)
set(92,26500,75600,250,180)
set(92,23500,75600,250,180)
set(92,20500,75600,250,180)
set(92,29500,70000,250,0)
set(92,26500,70000,250,0)
set(92,23500,70000,250,0)
set(92,20500,70000,250,0)
set(92,29500,98000,250,0)
set(92,26500,98000,250,0)
set(92,23500,98000,250,0)
set(92,20500,98000,250,0)



set(87,35300,58000,250,90)
set(86,35300,59500,250,90)
set(85,35300,61000,250,90)
set(84,35300,62500,250,90)
set(85,35300,64000,250,90)
set(86,35300,65500,250,90)
set(87,35300,67000,250,90)
set(88,35300,68500,250,90)
set(87,35300,70000,250,90)

set(87,37500,58000,250,-90)
set(86,37500,59500,250,-90)
set(85,37500,61000,250,-90)
set(84,37500,62500,250,-90)
set(85,37500,64000,250,-90)
set(86,37500,65500,250,-90)
set(87,37500,67000,250,-90)
set(88,37500,68500,250,-90)
set(87,37500,70000,250,-90)

set(87,31900,58000,250,-90)
set(86,31900,59500,250,-90)
set(85,31900,61000,250,-90)
set(84,31900,62500,250,-90)
set(85,31900,64000,250,-90)
set(86,31900,65500,250,-90)
set(87,31900,67000,250,-90)
set(88,31900,68500,250,-90)
set(87,31900,70000,250,-90)



set(87,18500,58000,250,90)
set(86,18500,59500,250,90)
set(85,18500,61000,250,90)
set(84,18500,62500,250,90)
set(85,18500,64000,250,90)
set(86,18500,65500,250,90)
set(87,18500,67000,250,90)
set(88,18500,68500,250,90)
set(87,18500,70000,250,90)

//scenario 

set(32,24900,101650,-333,0)
set(32,25400,101650,-333,0)
set(32,25900,101650,-333,0)
set(32,26400,101650,-333,0)
set(32,27400,101650,-333,0)
set(32,27900,101650,-333,0)
set(32,28400,101650,-333,0)
set(32,28900,101650,-333,0)



set(74,46800,112000,250,0)
set(74,46800,106400,250,0)
set(74,46800,100800,250,0)
set(74,46800,95200,250,0)
set(74,46800,89600,250,0)
set(74,46800,84000,250,0)
set(74,46800,78400,250,0)
set(74,46800,72800,250,0)
set(74,46800,67200,250,0)
set(74,46800,61600,250,0)
set(74,46800,56000,250,0)
set(74,46800,50400,250,0)
set(74,46800,44800,250,0)
set(74,46800,39200,250,0)
set(74,46800,33600,250,0)
set(74,46800,28000,250,0)
set(74,46800,22400,250,0)
set(74,46800,16800,250,0)
set(74,46800,11200,250,0)
set(74,46800,5600,250,0)
set(74,46800,0,250,0)
set(74,46800,-5600,250,0)
set(74,46800,-11200,250,0)

maxl(25,-3797,-7355)
maxb(11,-9755,-1397)
maxr(25,49002,-7355)
maxt(11,110245,-1397)