// metadata

snap(-60,-60,-60)


sky(-100,-100,-100)
fog(-100,-100,-100) 
ground(140,140,150)

fadefrom(4000)
lightson()
name(Dark Side of the BBC)

nlaps(2)

// stage

set(38,0,1000,250,0)p
set(10,0,5600,250,0)
set(26,0,7000,250,0)pr
set(38,0,5000,250,0)
set(10,0,11200,250,0)
set(10,0,16800,250,0)p
set(10,0,22400,250,0)p
set(14,0,26400,250,0)pt
set(10,4000,26400,250,90)
set(10,9600,26400,250,90)
set(23,12400,26400,250,90)
set(31,8000,26400,250,-90)pr
set(11,25000,26400,250,90)p
set(11,30000,26400,250,90)p
set(10,35600,26400,250,90)
set(14,39600,26400,250,-90)pt
set(14,39600,23000,250,180)pt
set(10,35600,23000,250,90)
set(26,34000,23000,250,90)pr
set(10,30000,23000,250,90)p
set(10,24600,23000,250,90)p
set(14,20600,23000,250,0)pt
set(10,20600,19000,250,0)
set(23,20600,17600,250,0)
set(26,20600,17000,250,180)pr
set(10,20600,3000,250,0)
set(14,20600,-1000,250,90)pt
set(13,25180,520,250,-60)p
set(11,30810,2040,250,90)p
set(10,36410,2040,250,90)p
set(10,42010,2040,250,90)p
set(11,46640,2050,250,90)p
set(14,51190,2050,250,180)pt
set(23,51200,3800,250,180)p
set(23,51200,7050,250,0)p
set(14,51200,8800,250,-90)
set(10,47200,8800,250,90)
set(10,46000,8800,250,90)
set(23,43200,8800,250,-90)
set(31,46000,8800,250,90)pr
set(10,34400,8800,250,90)
set(10,28000,8800,250,90)
set(28,32000,8800,250,90)pr
set(23,25200,8800,250,-90)p
set(37,25000,8650,250,90)
set(37,25000,8950,250,90)
set(10,12000,8800,250,90)
set(23,4872,8800,250,-90)
set(29,7036,8800,250,90)pr
set(23,-3472,8800,250,90)
set(14,-9000,8800,250,0)
set(30,-4000,8800,250,-90)pl
set(10,-9000,4800,250,0)
set(36,-10800,6500,250,90)ph
set(10,-9000,0,250,0)
set(36,-10800,-500,250,90)ph
set(36,-10800,3000,250,90)
set(14,-9000,-4000,250,90)pt
set(10,-4000,-4000,250,90)p
set(14,0,-4000,250,180)pt
set(10,-5000,-4000,250,90)p
set(10,0,0,250,0)p
set(38,0,0,250,0)
set(38,0,4000,250,0)
set(38,0,3000,250,0)
set(38,0,2000,250,0)
set(38,0,-1000,250,0)
set(23,13230,8800,250,90)
set(26,14000,8800,250,-90)pr
set(23,37200,8800,250,90)p
fix(41,20600,8800,-1600,45)
set(23,20600,4400,250,180)
set(26,20600,5000,250,0)pr
set(23,23840,26400,250,-90)p
set(97,17284,20800,250,0)
set(97,17284,15200,250,0)
set(97,17284,9600,250,0)
set(97,17284,4000,250,0)
set(97,17284,-1600,250,0)
set(97,17284,-7200,250,0)
set(91,37390,20311,250,180)
set(90,34053,20311,250,180)
set(89,30858,20240,250,180)
set(90,27521,20240,250,180)
set(91,24074,20240,250,180)
set(90,24058,16628,250,-90)
set(89,23944,5798,250,-90)
set(92,21000,-3660,250,0)
set(92,23500,-3660,250,0)
set(92,26000,-3660,250,0)
set(92,28500,-3660,250,0)
set(92,31000,-3660,250,0)
set(92,33500,-3660,250,0)
set(92,36000,-3660,250,0)
set(92,38500,-3660,250,0)
set(92,41000,-3660,250,0)
set(92,43500,-3660,250,0)
set(92,46000,-3660,250,0)
set(92,48500,-3660,250,0)
set(92,51000,-3660,250,0)
set(74,61300,15800,250,90)
set(74,55700,15800,250,90)
set(74,50100,15800,250,90)
set(74,44500,15800,250,90)
set(76,40300,15800,250,90)
set(74,40300,11600,250,0)
set(77,40300,6000,250,0)
set(81,45900,6000,250,90)
set(81,51500,6000,250,90)
set(77,57100,6000,250,180)
set(97,17284,-12800,250,0)
set(97,17284,-18400,250,0)
set(97,17284,-24000,250,0)
set(97,17284,26400,250,0)
set(97,17284,32000,250,0)
set(97,17284,37600,250,0)
set(97,17284,43200,250,0)
set(97,17284,48800,250,0)
set(97,17284,54400,250,0)
set(101,26849,8800,250,90)
set(86,-7192,6700,250,90)
set(86,-7192,4700,250,90)
set(86,-7192,2700,250,90)
set(86,-7192,700,250,90)
set(86,-7192,-1400,250,90)

// ai nodes - separated because fuck omar

node(0,250,6400)r
node(-68,250,12504)r
node(-68,250,18004)r
node(-68,250,22504)r
// big hole (idk why)
chk(40,0,24000,250,0)r
node(-68,250,26400)r
node(3932,250,26400)r
node(25560,250,26400)r
node(35240,250,26400)r
chk(40,39600,24700,250,0)r
node(34972,250,23000)r
node(22350,250,23000)r
node(20625,250,23000)r
chk(40,20600,21000,250,0)r
node(20625,250,17310)r
node(20571,250,1920)r
node(22350,250,-1000)r
chk(40,25000,430,250,-60)r
node(28320,250,2080)r
node(34080,250,2140)r
chk(40,39610,2040,250,90)r
node(46960,250,2020)r
node(50910,250,2680)r
chk(40,51200,5325,250,0)r
node(51200,250,8110)r
node(46590,250,8820)r
node(34080,250,8820)r
node(11920,250,8730)r
chk(40,11000,8800,250,90)r
node(-6990,250,8820)r
node(-8990,250,-1140)r
chk(40,-7000,-4000,250,90)r
chk(40,-2000,-4000,250,90)r
node(-68,250,-1920)r

maxl(18,-14915,-25600)
maxb(17,-28000,-12515)
maxr(18,66684,-25600)
maxt(17,58400,-12515)
