cop(9,800000,800000)
cop(9,800000,800000)
cop(9,800000,800000)
cop(9,800000,800000)
cop(9,800000,800000)
cop(9,800000,800000)
cop(9,800000,-800000)
cop(9,-800000,800000)
cop(9,-800000,800000)
cop(9,-800000,800000)
cop(9,-800000,800000)
cop(9,-800000,800000)
cop(9,-800000,800000)
cop(9,-800000,-800000)
cop(9,-800000,-800000)

snap(-36,-100,-14)
sky(162,162,217)
fog(153,186,204)
clouds(227,227,227,5,-1187)
ground(143,174,191)
texture(0,0,0,50)
fadefrom(5000)
density(5)
mountains(32740)
nlaps(15)
lightson()
name(Strip Tease II)



set(119,0,0,250,90)p
set(116,0,5600,250,0)p
set(135,0,11200,250,0)p
chk(40,0,11200,250,0)
set(66,0,15400,250,0)pt
set(65,-4200,15400,1250,90)p
set(65,-5600,15400,1250,90)
set(66,-9800,15400,250,90)pt
chk(40,-9800,15400,250,135)pt
set(65,-9800,11200,1250,0)
set(65,-9800,9800,1250,0)p
set(66,-9800,5600,250,180)pt
set(135,-5600,5600,250,90)p
chk(40,-5600,5600,250,90)
set(119,5600,5600,250,0)p

set(116,11200,5600,250,90)p
chk(40,13000,5600,250,90)
set(114,16800,5600,250,-90)
set(120,22400,5600,-1350,180)
set(115,22400,11200,-1350,180)
set(120,22400,16800,-1350,-90)
chk(40,22400,16800,-1350,45)
set(115,16800,16800,-1350,-90)
set(120,11200,16800,-1350,0)
set(114,11200,11200,250,0)
chk(40,11200,8400,250,0)
set(119,11200,0,250,-90)p

chk(40,11200,-8400,250,0)
set(114,11200,-11200,250,180)
set(120,11200,-16800,-1350,90)
set(115,16800,-16800,-1350,90)
set(120,22400,-16800,-1350,180)
chk(40,22400,-16800,-1350,135)
set(115,22400,-11200,-1350,0)
set(120,22400,-5600,-1350,-90)
set(114,16800,-5600,250,-90)
set(116,11200,-5600,250,90)p
set(119,5600,-5600,250,180)
chk(40,13000,-5600,250,90)

set(135,-5600,-5600,250,90)p
chk(40,-5600,-5600,250,90)
set(66,-9800,-5600,250,90)pt
set(65,-9800,-9800,1250,0)p
set(65,-9800,-11200,1250,0)
set(66,-9800,-15400,250,180)pt
chk(40,-9800,-15400,250,45)pt
set(65,-5600,-15400,1250,90)
set(65,-4200,-15400,1250,90)p
set(66,0,-15400,250,-90)pt
set(135,0,-11200,250,180)p
chk(40,0,-11200,250,0)
set(116,0,-5600,250,0)p

//scenery
set(116,5600,0,250,90)
fix(41,5600,0,250,45)
fix(41,5600,0,250,135)

maxl(9,-14800,-19200)
maxb(9,-21600,-12400)
maxr(9,28400,-19200)
maxt(9,21600,-12400)
