snap(24,25,10)
sky(25,152,251)
fog(227,227,227)
clouds(255,255,255,1,-1500)
ground(203,203,203)
texture(0,0,0,60)
fadefrom(5000)
name(Shoulder of Orion)
density(5)
mountains(10288)
nlaps(5)
wallid(123)


set(10,0,-6900,250,0)
set(10,0,-1300,250,0)
set(10,0,4300,250,0)
set(10,0,9900,250,0)
set(10,0,15500,250,0)
set(10,0,21100,250,0)
set(10,0,26700,250,0)
set(10,0,32300,250,0)
set(10,0,37900,250,0)
set(43,0,43500,250,180)p
chk(40,0,45000,250,0)
set(30,0,48650,250,0)p

set(149,0,55400,250,180)p
set(147,0,63800,250,180)p
set(139,0,72200,250,180)p
set(140,0,80600,250,180)p
set(142,0,84800,250,90)pr
set(141,2800,84800,250,-90)pr
set(139,2800,91700,250,180)p
chk(40,2800,92200,-750,0)
set(147,2800,100000,250,180)p

set(141,2800,104200,250,0)pr
set(141,0,104200,250,90)pr
set(142,0,101400,250,-90)pr
chk(40,-4200,101400,-750,90)
set(147,-4200,101400,250,-90)p
set(141,-8400,101400,250,90)pr
set(140,-8400,97300,250,0)p
set(147,-8400,91700,250,0)p
set(142,-8400,87500,250,-90)p
set(141,-11200,87500,250,90)pt


chk(40,-16000,88200,-333,90)
set(45,-17900,88200,250,90)p
set(45,-23500,88200,250,90)p
set(46,-27600,88200,250,90)pr
set(45,-27600,84000,250,0)p
set(45,-27600,78400,250,0)p
set(30,-27600,74000,250,0)p


chk(40,-27600,70000,250,0)
set(10,-27600,69400,250,0)p
set(43,-27600,63800,250,0)pt


set(43,-23500,63800,250,-90)pt
set(43,-23500,58200,250,90)p
rpr(69,-23500,55400,250,0)
set(43,-23500,52600,250,-90)p
chk(40,-23500,50000,250,0)
set(30,-23500,46550,250,180)p
set(46,-23500,43500,250,180)pt

set(45,-19300,43500,250,90)p
set(45,-13700,43500,250,90)p
set(45,-8200,43500,250,90)p
set(30,-5600,43500,250,90)p

//bill ding was here

set(86,-25500,60000,250,180)
set(85,-25500,62000,250,0)

set(87,-21500,60000,250,180)
set(88,-21500,62000,250,0)

set(84,-25500,54500,250,180)
set(86,-25500,56500,250,0)

set(88,-21500,54500,250,180)
set(85,-21500,56500,250,0)


set(89,-16500,61500,250,0)
set(89,-16500,55500,250,0)
set(89,-16500,49500,250,180)
//extra roads

set(141,-11200,84700,250,180)
set(142,-8400,84700,250,0)
set(139,-8400,77700,250,0)
set(147,-8400,69300,250,0)
set(147,-8400,63800,250,0)
set(141,-8400,59600,250,180)
set(147,-4200,59600,250,90)



set(23,-30400,52600,250,-90)
set(43,-27600,52600,250,90)
set(43,-27600,58200,250,0)

set(43,-19400,52600,250,90)
set(44,-19400,58200,250,-90)
set(43,-19400,63800,250,-90)

set(23,-13800,49800,250,0)
set(43,-13800,52600,250,180)
set(43,-13800,58200,250,180)
set(43,-13800,63800,250,180)
set(10,-13800,69400,250,0)
set(30,-13800,74000,250,0)
set(45,-13800,78400,250,0)
set(45,-13800,84000,250,0)
set(46,-13800,88200,250,0)
set(45,4200,51110,250,90)
set(45,9800,51110,250,90)




maxl(24,-44462,-4088)
maxb(11,-6488,-42062)
maxr(24,8338,-4088)
maxt(11,108712,-42062)