cop(9,1000000000,1000000000)
cop(9,1000000000,1000000000)
cop(9,1000000000,1000000000)
cop(9,1000000000,1000000000)
cop(9,1000000000,1000000000)
cop(9,1000000000,1000000000)
cop(9,1000000000,1000000000)
cop(9,1000000000,1000000000)
cop(9,1000000000,1000000000)
cop(9,1000000000,1000000000)
cop(9,1000000000,1000000000)
cop(9,1000000000,1000000000)
cop(9,1000000000,1000000000)
cop(9,1000000000,1000000000)
cop(9,1000000000,1000000000)

name(The Introductory Stage)
wallid(121)
snap(-5,-5,20)

sky(200,227,255)
fog(215,245,220) 
ground(195,210,210)

fadefrom(5000)

nlaps(4)

set(10,0,0,250,0)p
node(0,250,0)
set(10,0,5600,250,180)p
node(0,250,5600)
set(26,0,9000,250,0)p
node(0,250,9000)ramp
set(10,0,12200,250,0)p
node(0,250,12200)
set(10,0,17800,250,0)p
node(0,250,17800)
set(10,0,23400,250,0)p
node(0,250,23400)
set(10,0,29000,250,0)
chk(40,0,28000,250,0)
set(14,0,33550,250,-90)p
node(0,250,33550)turn
set(10,-4550,33550,250,90)p
node(-4550,250,33550)
set(14,-9100,33550,250,0)p
node(-9100,250,33550)turn
set(10,-9100,29000,250,0)p
node(-9100,250,29000)
set(10,-9100,23400,250,0)p
node(-9100,250,23400)
set(10,-9100,17800,250,0)p
node(-9100,250,17800)
set(26,-9100,14400,250,180)p
node(-9100,250,14400)ramp
fix(41,-9100,10600,-1400,0)
set(10,-9100,11200,250,0)p
node(-9100,250,11200)
set(10,-9100,5600,250,0)p
node(-9100,250,5600)
set(10,-9100,0,250,0)p
node(-9100,250,0)
set(14,-9100,-4550,250,90)p
node(-9100,250,-4550)turn
set(10,-4550,-4550,250,90)
chk(40,-4550,-4550,250,90)
set(14,0,-4550,250,180)p
node(0,250,-4550)turn

set(24,-4550,0,250,180)
set(16,-4550,2800,250,0)
set(15,-4550,8400,250,0)
set(15,-4550,14000,250,0)
set(15,-4550,19600,250,0)
set(15,-4550,25200,250,0)
set(24,-4550,28000,250,0)
set(33,-4550,10000,250,0)
set(33,-4550,14000,250,0)
set(33,-4550,18000,250,0)


maxr(10,4000,-6000)
maxb(4,-8400,-12800)
maxt(4,39600,-12800)
maxl(10,-15200,-6000)





