cop(9,1000000000,1000000000)
cop(9,1000000000,1000000000)
cop(9,1000000000,1000000000)
cop(9,1000000000,1000000000)
cop(9,1000000000,1000000000)
cop(9,1000000000,1000000000)
cop(9,1000000000,1000000000)
cop(9,1000000000,1000000000)
cop(9,1000000000,1000000000)
cop(9,1000000000,1000000000)
cop(9,1000000000,1000000000)
cop(9,1000000000,1000000000)
cop(9,1000000000,1000000000)
cop(9,1000000000,1000000000)
cop(9,1000000000,1000000000)
snap(20,0,-20)
wallid(121)
sky(185,210,255)
fog(223,223,255)
ground(200,200,210)


fadefrom(5000)

name(Contrary To Popular Believe)
nlaps(4)

set(10,0,0,250,0)p
node(0,250,0)
set(10,0,5600,250,0)
chk(40,0,8400,250,0)
set(20,0,11200,250,180)p
node(0,250,11200)
set(15,0,16800,250,0)
set(34,0,16800,250,0)p
node(0,250,16800)ramp
set(15,0,22400,250,0)p
node(0,250,22400)
set(15,0,28000,250,0)p
node(0,250,28000)
set(15,0,33600,250,0)p
node(0,250,33600)
set(17,0,38150,250,0)p
node(0,250,38150)turn
set(15,4550,38150,250,90)p
node(4550,250,38150)
set(15,10150,38150,250,90)p
node(10150,250,38150)
set(33,8000,38150,250,90)
set(15,15750,38150,250,90)p
node(15750,250,38150)
set(33,14000,38150,250,90)
set(15,21350,38150,250,90)p
node(21350,250,38150)
set(17,25900,38150,250,180)p
node(25900,250,38150)turn
chk(42,25900,39900,250,0)
set(17,25900,41650,250,-90)
set(15,21350,41650,250,90)p
node(21350,250,41650)
set(15,15750,41650,250,-90)p
node(15750,250,41650)
set(15,10150,41650,250,90)p
node(10150,250,41650)
set(15,4550,41650,250,-90)
set(34,4550,41650,250,90)p
node(4550,250,41650)ramp
set(15,-1050,41650,250,-90)p
node(-1050,250,41650)
fix(41,750,41650,-2000,90)
set(20,-6650,41650,250,90)p
node(-6650,250,41650)
set(14,-11100,41650,250,0)p
node(-11100,250,41650)turn
set(10,-11100,37100,250,0)
chk(40,-11100,37100,250,0)
set(10,-11100,31500,250,180)p
node(-11100,250,31500)
set(28,-11100,26536,250,180)p
node(-11100,250,26536)ramp
set(10,-11100,21572,250,180)p
node(-11100,250,21572)
set(10,-11100,15972,250,0)p
node(-11100,250,15972)
set(10,-11100,10372,250,0)p
node(-11100,250,10372)
set(32,-11450,10372,250,180)
set(23,-11100,7572,250,0)p
node(-11100,250,7572)
set(23,-12140,2860,250,180)p
node(-12140,250,2860)
set(13,-10620,30,250,30)p
node(-10620,250,30)
chk(40,-9100,-2800,250,0)
set(14,-9100,-4550,250,90)
set(10,-4550,-4550,250,90)p
node(-4550,250,-4550)
set(14,0,-4550,250,180)p
node(0,250,-4550)


set(24,-5550,1000,250,180)
set(15,-5550,3800,250,180)
set(16,-5550,9400,250,180)
set(15,-5550,15000,250,0)
set(16,-5550,20600,250,0)
set(15,-5550,26200,250,0)
set(16,-5550,31800,250,180)
set(24,-5550,34600,250,0)

set(14,8000,0,250,90)
set(10,8000,4550,250,0)
set(10,8000,10150,250,0)
set(10,8000,15750,250,0)
set(10,8000,21350,250,0)
set(10,8000,26950,250,0)
set(14,8000,31500,250,0)
set(10,12550,31500,250,90)
set(14,17100,31500,250,-90)
set(10,17100,26950,250,180)
set(10,17100,21350,250,180)
set(10,17100,15750,250,0)
set(26,17100,15750,250,0)
set(10,17100,10150,250,0)
set(10,17100,4550,250,0)
set(14,17100,0,250,180)
set(10,12550,0,250,-90)

maxr(11,28500,-5600)
maxb(9,-8000,-12300)
maxl(11,-14700,-5600)
maxt(9,44800,-12300)
