cop(9,1000000000,1000000000)
cop(9,1000000000,1000000000)
cop(9,1000000000,1000000000)
cop(9,1000000000,1000000000)
cop(9,1000000000,1000000000)
cop(9,1000000000,1000000000)
cop(9,1000000000,1000000000)
cop(9,1000000000,1000000000)
cop(9,1000000000,1000000000)
cop(9,1000000000,1000000000)
cop(9,1000000000,1000000000)
cop(9,1000000000,1000000000)
cop(9,1000000000,1000000000)
cop(9,1000000000,1000000000)
cop(9,1000000000,1000000000)
snap(-25,0,25)
wallid(121)
sky(198,226,255)
fog(206,244,255) 
ground(183,221,208)

fadefrom(6000)

name(Do The Snake Dance)
nlaps(7)

set(10,0,0,250,0)p
node(0,250,0)
set(10,0,5600,250,0)
chk(40,0,5600,250,0)
set(12,1520,11230,250,-30)p
node(1520,250,11230)
chk(40,3040,14060,250,0)
set(13,1520,16890,250,30)p
node(1520,250,16890)
chk(40,0,19720,250,0)
set(12,1520,22550,250,-30)p
node(1520,250,22550)
chk(40,3040,25380,250,0)
set(13,1520,28210,250,30)p
node(1520,250,28210)
chk(40,0,31040,250,0)
set(12,1520,33870,250,-30)p
node(1520,250,33870)
chk(40,3040,36700,250,0)
set(10,3040,39500,250,0)p
node(3040,250,39500)
set(14,3040,44050,250,-90)p
node(3040,250,44050)turn
set(10,-1510,44050,250,90)p
node(-1510,250,44050)
set(29,-6474,44050,250,90)p
node(-6474,250,44050)ramp
set(10,-11438,44050,250,90)p
node(-11438,250,44050)
set(10,-17038,44050,250,90)p
node(-17038,250,44050)
set(14,-21588,44050,250,0)p
node(-21588,250,44050)turn
chk(40,-21588,42300,250,0)
set(10,-21588,39500,250,0)p
node(-21588,250,39500)
set(10,-21588,33900,250,0)
set(26,-21588,33900,250,180)p
node(-21588,250,33900)ramp
set(10,-21588,28300,250,0)p
node(-21588,250,28300)
set(10,-21588,22700,250,0)p
node(-21588,250,22700)
set(10,-21588,17100,250,0)p
node(-21588,250,17100)
set(32,-21288,17100,250,180)
chk(40,-21588,14300,250,0)
set(10,-21588,11500,250,0)
set(32,-21888,11500,250,180)p
node(-21888,250,11500)ramp
set(10,-21588,5900,250,0)
set(32,-21288,5900,250,180)p
node(-21288,250,5900)ramp
set(23,-21588,3100,250,0)
set(32,-21888,2100,250,180)p
node(-21888,250,2100)ramp

set(23,-21588,-2800,250,180)p
node(-21588,250,-2800)
set(14,-21588,-4550,250,90)p
node(-21588,250,-4550)
set(10,-17038,-4550,250,90)p
node(-17038,250,-4550)
set(10,-11438,-4550,250,90)
set(10,-9100,-4550,250,90)
chk(40,-11438,-4550,250,90)
set(10,-4550,-4550,250,90)p
node(-4550,250,-4550)
set(14,0,-4550,250,180)p
node(0,250,-4550)

set(24,-10700,2200,250,180)po
set(15,-10700,5000,250,0)p
node(-10700,250,5000)
set(15,-10700,9600,250,0)p
node(-10700,250,9600)
set(15,-10700,15200,250,0)p
node(-10700,250,15200)
set(16,-10700,20800,250,0)p
node(-10700,250,20800)
fix(41,-10700,20800,-2000,0)s
set(15,-10700,26400,250,0)p
node(-10700,250,26400)

set(34,-10700,24600,250,0)
set(34,-10700,17000,250,180)
set(15,-10700,32000,250,0)
set(24,-10700,34800,250,0)po

maxr(13,5000,-13600)
maxb(6,-16000,-21400)
maxl(13,-23800,-13600)
maxt(6,46400,-21400)



