cop(9,1000000000,1000000000)
cop(9,1000000000,1000000000)
cop(9,1000000000,1000000000)
cop(9,1000000000,1000000000)
cop(9,1000000000,1000000000)
cop(9,1000000000,1000000000)
cop(9,1000000000,1000000000)
cop(9,1000000000,1000000000)
cop(9,1000000000,1000000000)
cop(9,1000000000,1000000000)
cop(9,1000000000,1000000000)
cop(9,1000000000,1000000000)
cop(9,1000000000,1000000000)
cop(9,1000000000,1000000000)
cop(9,1000000000,1000000000)
snap(0,11,-14)
wallid(121)
sky(230,255,217)
fog(255,249,223) 
ground(224,213,207)

fadefrom(5000)

name(Grapefruit Power)
nlaps(1)

set(15,0,0,250,0)p
node(0,250,0)
set(15,0,5600,250,180)p
node(0,250,5600)
set(15,0,11200,250,180)p
node(0,250,11200)
set(35,0,11200,250,0)p
node(0,250,11200)ramp
set(15,0,16800,250,0)p
node(0,250,16800)
set(15,0,22400,250,180)p
node(0,250,22400)
set(35,0,20000,250,180)p
node(0,250,20000)ramp
set(15,0,28000,250,0)p
node(0,250,28000)
set(35,0,29000,250,0)p
node(0,250,29000)ramp
set(15,0,33600,250,0)p
node(0,250,33600)
set(15,0,39200,250,0)p
node(0,250,39200)
chk(42,0,42000,250,0)
set(17,0,43750,250,0)p
node(0,250,43750)turn
set(15,4550,43750,250,90)p
node(4550,250,43750)
set(16,10150,43750,250,-90)p
node(10150,250,43750)
set(15,15750,43750,250,90)p
node(15750,250,43750)
set(34,15750,43750,250,90)p
node(15750,250,43750)ramp
set(15,21350,43750,250,-90)p
node(21350,250,43750)
set(15,26950,43750,250,90)p
node(26950,250,43750)
set(15,32550,43750,250,-90)p
node(32550,250,43750)
set(17,37100,43750,250,180)p
node(37100,250,43750)turn
set(17,37100,47250,250,-90)p
node(37100,250,47250)turn
chk(42,35350,47250,250,90)
set(15,32550,47250,250,90)p
node(32550,250,47250)
set(15,26950,47250,250,90)p
node(26950,250,47250)
set(35,26950,47050,250,90)p
node(26950,250,47050)ramp
set(35,24000,47450,250,-90)p
node(24000,250,47450)ramp
set(15,21350,47250,250,90)p
node(21350,250,47250)
set(15,15750,47250,250,-90)p
node(15750,250,47250)
set(15,10150,47250,250,90)p
node(10150,250,47250)
set(16,4550,47250,250,-90)p
node(4550,250,47250)
set(16,-1050,47250,250,90)p
node(-1050,250,47250)
set(15,-6650,47250,250,-90)p
node(-6650,250,47250)
set(15,-12250,47250,250,90)p
node(-12250,250,47250)
set(15,-17850,47250,250,-90)p
node(-17850,250,47250)
set(15,-23450,47250,250,90)p
node(-23450,250,47250)
set(16,-29050,47250,250,90)p
node(-29050,250,47250)

set(33,-8000,47250,250,90)
set(33,-13000,47250,250,90)
set(33,-18000,47250,250,90)
set(33,-23000,47250,250,90)

set(17,-33600,47250,250,0)p
node(-33600,250,47250)turn
chk(42,-33600,45500,250,0)
set(17,-33600,43750,250,90)p
node(-33600,250,43750)turn
set(15,-29050,43750,250,90)p
node(-29050,250,43750)
set(15,-23450,43750,250,90)p
node(-23450,250,43750)
set(34,-23450,43750,250,90)p
node(-23450,250,43750)ramp
set(15,-17850,43750,250,90)p
node(-17850,250,43750)
set(15,-12250,43750,250,90)p
node(-12250,250,43750)
set(17,-7700,43750,250,-90)p
node(-7700,250,43750)turn
chk(42,-7700,42000,250,0)
set(15,-7700,39200,250,0)p
node(-7700,250,39200)
set(20,-7700,33600,250,180)p
node(-7700,250,33600)
set(10,-7700,28000,250,0)p
node(-7700,250,28000)
set(30,-7700,21891,250,180)p
node(-7700,250,21891)
fix(41,-7700,19500,-600,0)

set(23,-7700,20211,250,0)p
node(-7700,250,20211)
set(23,-7700,14000,250,180)p
node(-7700,250,14000)
set(10,-7700,11200,250,180)p
node(-7700,250,11200)
set(10,-7700,5600,250,0)p
node(-7700,250,5600)
set(14,-7700,1050,250,180)p
node(-7700,250,1050)turn
chk(40,-9450,1050,250,90)
set(20,-12250,1050,250,-90)p
node(-12250,250,1050)
set(17,-16800,1050,250,90)p
node(-16800,250,1050)turn
set(15,-16800,5600,250,0)p
node(-16800,250,5600)
set(15,-16800,11200,250,0)p
node(-16800,250,11200)
set(15,-16800,16800,250,0)p
node(-16800,250,16800)
set(15,-16800,22400,250,0)p
node(-16800,250,22400)
set(15,-16800,28000,250,0)p
node(-16800,250,28000)

set(35,-16400,11200,250,0)
set(35,-17200,16200,250,180)
set(35,-16300,22200,250,180)
set(35,-17300,22200,250,0)

set(17,-16800,32550,250,-90)p
node(-16800,250,32550)turn
set(17,-20300,32550,250,0)p
node(-20300,250,32550)turn
set(15,-20300,28000,250,0)p
node(-20300,250,28000)
set(15,-20300,22400,250,0)
chk(42,-20300,22400,250,0)
set(15,-20300,16800,250,0)p
node(-20300,250,16800)
set(15,-20300,11200,250,0)p
node(-20300,250,11200)
set(15,-20300,5600,250,0)p
node(-20300,250,5600)
set(15,-20300,0,250,0)p
node(-20300,250,0)
set(17,-20300,-4550,250,90)p
node(-20300,250,-4550)turn
set(15,-15750,-4550,250,-90)p
node(-15750,250,-4550)
set(15,-10150,-4550,250,-90)p
node(-10150,250,-4550)
set(34,-10150,-4550,250,-90)
set(15,-4550,-4550,250,-90)p
node(-4550,250,-4550)
chk(42,0,-2800,250,0)
set(17,0,-4550,250,180)

set(23,10000,2800,250,0)
set(10,10000,5600,250,0)p
node(10000,250,5600)
set(10,10000,11200,250,0)p
node(10000,250,11200)
set(10,10000,16800,250,180)p
node(10000,250,16800)
set(26,10000,20200,250,0)p
node(10000,250,20200)ramp
fix(41,10000,24000,-1400,0)s
set(23,10000,27200,250,0)p
node(10000,250,27200)
set(10,10000,30000,250,0)
set(23,10000,32800,250,180)p
node(10000,250,32800)


set(23,25000,2800,250,0)
set(10,25000,5600,250,0)
set(10,25000,11200,250,180)
set(10,25000,16800,250,0)
set(28,25000,21764,250,0)
set(10,25000,26728,250,0)
set(10,25000,32328,250,0)
set(23,25000,35128,250,180)


maxr(12,40000,-5000)
maxb(16,-7400,-34400)
maxl(12,-36800,-5000)
maxt(16,50200,-34400)
