cop(9,1000000000,1000000000)
cop(9,1000000000,1000000000)
cop(9,1000000000,1000000000)
cop(9,1000000000,1000000000)
cop(9,1000000000,1000000000)
cop(9,1000000000,1000000000)
cop(9,1000000000,1000000000)
cop(9,1000000000,1000000000)
cop(9,1000000000,1000000000)
cop(9,1000000000,1000000000)
cop(9,1000000000,1000000000)
cop(9,1000000000,1000000000)
cop(9,1000000000,1000000000)
cop(9,1000000000,1000000000)
cop(9,1000000000,1000000000)

snap(0,0,40)
wallid(121)
sky(217,241,255)
fog(206,225,255) 
ground(205,207,226)


fadefrom(7000)

name(Paninaro| Caninaro| Let's fly!)

nlaps(4)

set(10,0,0,250,0)p
node(0,250,0)
set(10,0,5600,250,0)p
node(0,250,5600)
set(10,0,11200,250,0)p
node(0,250,11200)
set(10,0,16000,250,0)p
node(0,250,16000)
set(31,0,20109,250,0)p
node(0,250,20109)ramp
set(23,0,21789,250,180)p
node(0,250,21789)
set(23,0,31411,250,0)p
node(0,250,31411)
set(30,0,33091,250,180)p
node(0,250,33091)
set(10,0,39200,250,0)p
node(0,250,39200)
set(10,0,44800,250,0)p
node(0,250,44800)
set(10,0,50400,250,0)
chk(40,0,50400,250,0)
set(14,0,54950,250,-90)p
node(0,250,54950)turn
set(10,-4550,54950,250,90)p
node(-4550,250,54950)
set(10,-10150,54950,250,90)p
node(-10150,250,54950)
set(10,-15750,54950,250,90)p
node(-15750,250,54950)
set(10,-21350,54950,250,90)p
node(-21350,250,54950)
chk(40,-23100,54950,250,90)
set(14,-25900,54950,250,90)p
node(-25900,250,54950)turn
set(10,-25900,59500,250,0)p
node(-25900,250,59500)
set(10,-25900,65100,250,0)p
node(-25900,250,65100)
set(10,-25900,70700,250,0)p
node(-25900,250,70700)
set(14,-25900,75250,250,0)p
node(-25900,250,75250)turn
set(10,-21350,75250,250,90)
chk(40,-21350,75250,250,90)
set(14,-16800,75250,250,-90)p
node(-16800,250,75250)turn
set(10,-16800,70700,250,180)p
node(-16800,250,70700)
set(10,-16800,65100,250,0)
set(23,-16800,58000,250,0)
set(31,-16800,58991,250,180)p
node(-16800,250,58991)ramp

set(23,-16800,51900,250,180)
set(10,-16800,47950,250,180)p
node(-16800,250,47950)
set(31,-16800,50909,250,0)p
node(-16800,250,50909)

set(10,-16800,42350,250,0)p
node(-16800,250,42350)
set(10,-16800,36750,250,0)p
node(-16800,250,36750)
set(10,-16800,31150,250,0)p
node(-16800,250,31150)
chk(40,-16800,28350,250,0)
set(14,-16800,26600,250,90)p
node(-16800,250,26600)turn

set(20,-12250,26600,250,90)p
node(-12250,250,26600)
set(15,-6650,26600,250,90)p
node(-6650,250,26600)
set(15,-1050,26600,250,90)
set(35,-3800,26600,250,90)p
node(-3800,250,26600)ramp
fix(41,-1200,26600,-1000,90)s
set(15,4550,26600,250,90)p
node(4550,250,26600)
set(17,9100,26600,250,-90)p
node(9100,250,26600)turn
set(20,9100,22050,250,180)p
node(9100,250,22050)
set(23,9100,14000,250,180)
set(31,9100,15941,250,180)p
node(9100,250,15941)ramp

set(10,9100,11200,250,180)p
node(9100,250,11200)
set(10,9100,5600,250,180)p
node(9100,250,5600)
set(10,9100,0,250,180)p
node(9100,250,0)
chk(40,9100,-2800,250,0)
set(14,9100,-4550,250,180)p
node(9100,250,-4550)turn
set(10,4550,-4550,250,90)p
node(4550,250,-4550)
set(14,0,-4550,250,90)p
node(0,250,-4550)turn


maxr(19,14000,-7000)
maxb(9,-9400,-26800)
maxl(19,-29200,-7000)
maxt(9,81800,-26800)


