cop(9,1000000000,1000000000)
cop(9,1000000000,1000000000)
cop(9,1000000000,1000000000)
cop(9,1000000000,1000000000)
cop(9,1000000000,1000000000)
cop(9,1000000000,1000000000)
cop(9,1000000000,1000000000)
cop(9,1000000000,1000000000)
cop(9,1000000000,1000000000)
cop(9,1000000000,1000000000)
cop(9,1000000000,1000000000)
cop(9,1000000000,1000000000)
cop(9,1000000000,1000000000)
cop(9,1000000000,1000000000)
cop(9,1000000000,1000000000)

snap(10,20,-40)

sky(204,241,255)
fog(225,255,225)
ground(211,205,205)
wallid(121)
fadefrom(6000)

name(When In Danger Just Chill Out)

nlaps(3)

set(10,0,0,250,0)p
node(0,250,0)

set(10,0,5600,250,0)p
node(0,250,5600)
set(10,0,11200,250,0)p
node(0,250,11200)
set(27,0,12200,250,0)p
node(0,250,12200)ramp
set(11,0,16800,250,0)p
node(0,250,16800)
set(11,0,22400,250,0)p
node(0,250,22400)
chk(40,0,25300,250,0)
set(14,0,26950,250,0)p
node(0,250,26950)turn
set(10,4550,26950,250,90)p
node(4550,250,26950)
set(14,9100,26950,250,180)p
node(9100,250,26950)turn
chk(40,9100,28700,250,0)
set(14,9100,30450,250,-90)p
node(9100,250,30450)turn
set(10,4550,30450,250,90)p
node(4550,250,30450)
set(23,-3850,30450,250,90)p
node(-3850,250,30450)
set(29,-414,30450,250,90)p
node(-414,250,30450)ramp
set(10,-6650,30450,250,90)p
node(-6650,250,30450)
set(11,-12250,30450,250,90)p
node(-12250,250,30450)
set(14,-16800,30450,250,0)p
node(-16800,250,30450)turn
chk(40,-16800,28700,250,0)
set(14,-16800,26950,250,90)p
node(-16800,250,26950)turn
set(10,-12250,26950,250,-90)p
node(-12250,250,26950)
set(14,-7700,26950,250,-90)p
node(-7700,250,26950)turn
set(11,-7700,22400,250,0)p
node(-7700,250,22400)
set(10,-7700,16800,250,0)
set(26,-7700,18800,250,180)p
node(-7700,250,18800)ramp
fix(41,-7700,13900,-1500,0)s
set(10,-7700,11200,250,0)p
node(-7700,250,11200)

set(37,-7400,15000,250,90)
set(37,-8000,14000,250,90)
set(37,-7400,13000,250,90)
set(37,-7700,11000,250,0)

set(20,-7700,5600,250,0)p
node(-7700,250,5600)
set(17,-7700,1050,250,180)p
node(-7700,250,1050)turn
chk(42,-9450,1050,250,90)
set(17,-11200,1050,250,90)p
node(-11200,250,1050)turn
set(15,-11200,5600,250,0)
set(34,-11200,6700,250,0)p
node(-11200,250,6700)ramp
set(15,-11200,11200,250,0)p
node(-11200,250,11200)
set(16,-11200,16800,250,0)p
node(-11200,250,16800)
set(17,-11200,21350,250,-90)p
node(-11200,250,21350)turn
chk(42,-12950,21350,250,90)
set(17,-14700,21350,250,0)p
node(-14700,250,21350)turn
set(16,-14700,16800,250,0)p
node(-14700,250,16800)
set(15,-14700,11200,250,0)
set(34,-14700,11200,250,0)p
node(-14700,250,11200)ramp
set(15,-14700,5600,250,0)p
node(-14700,250,5600)
set(20,-14700,0,250,180)p
node(-14700,250,0)
set(14,-14700,-4550,250,90)p
node(-14700,250,-4550)turn
set(10,-10150,-4550,250,90)p
node(-10150,250,-4550)
chk(40,-7350,-4550,250,90)
set(10,-4550,-4550,250,90)p
node(-4550,250,-4550)
set(14,0,-4550,250,180)p
node(0,250,-4550)turn

maxr(9,12000,-5000)
maxb(7,-7400,-19200)
maxt(7,35800,-19200)
maxl(9,-21600,-5000)
