cop(9,1000000000,1000000000)
cop(9,1000000000,1000000000)
cop(9,1000000000,1000000000)
cop(9,1000000000,1000000000)
cop(9,1000000000,1000000000)
cop(9,1000000000,1000000000)
cop(9,1000000000,1000000000)
cop(9,1000000000,1000000000)
cop(9,1000000000,1000000000)
cop(9,1000000000,1000000000)
cop(9,1000000000,1000000000)
cop(9,1000000000,1000000000)
cop(9,1000000000,1000000000)
cop(9,1000000000,1000000000)
cop(9,1000000000,1000000000)


snap(-40,-60,50)
//snap(-33,-50,75)
wallid(121)
sky(255,220,220)
fog(217,250,255) 
ground(205,213,226)

fadefrom(7000)

name(The Fast & The Furious + The Radical)

nlaps(3)

set(15,0,0,250,0)p
node(0,250,0)
set(15,0,5600,250,0)p
node(0,250,5600)
set(15,0,11200,250,0)
set(34,0,11200,250,180)p
node(0,250,11200)ramp
set(15,0,16800,250,0)p
node(0,250,16800)
set(21,0,22400,250,0)p
node(0,250,22400)
set(18,0,28000,250,0)p
node(0,250,28000)
set(22,0,31360,250,0)p
node(0,250,31360)
set(10,0,34720,250,180)p
node(0,250,34720)
set(31,0,40829,250,0)p
node(0,250,40829)ramp
set(23,0,42509,250,180)p
node(0,250,42509)
set(23,0,47600,250,0)p
node(0,250,47600)
set(10,0,50400,250,180)p
node(0,250,50400)
set(10,0,56000,250,180)p
node(0,250,56000)
set(10,0,61600,250,180)p
node(0,250,61600)
set(10,0,67200,250,180)p
node(0,250,67200)
set(22,0,70560,250,0)
chk(40,0,70850,250,0)
set(19,0,72870,250,0)p
node(0,250,72870)turn
set(18,4550,72870,250,90)p
node(4550,250,72870)
set(21,10150,72870,250,90)p
node(10150,250,72870)
set(15,15750,72870,250,90)
set(35,15750,72870,250,90)p
node(15750,250,72870)ramp
set(15,21350,72870,250,90)p
node(21350,250,72870)
set(16,26950,72870,250,-90)p
node(26950,250,72870)
set(20,32550,72870,250,-90)p
node(32550,250,72870)
set(29,37514,72870,250,-90)p
node(37514,250,72870)
set(10,42478,72870,250,-90)p
node(42478,250,72870)
set(10,48078,72870,250,-90)p
node(48078,250,72870)
set(10,53678,72870,250,90)p
node(53678,250,72870)
set(10,59278,72870,250,90)
chk(40,61028,72870,250,90)
set(14,63828,72870,250,-90)p
node(63828,250,72870)turn
set(10,63828,68320,250,0)p
node(63828,250,68320)
set(31,63828,62211,250,180)p
node(63828,250,62211)ramp
set(23,63828,60531,250,0)

set(24,63828,53200,250,0)p
node(63828,250,53200)
set(16,63828,50400,250,180)p
node(63828,250,50400)
set(15,63828,44800,250,0)p
node(63828,250,44800)
set(15,63828,39200,250,0)p
node(63828,250,39200)
set(33,63828,45800,250,0)
set(33,63828,42800,250,0)

set(15,63828,33600,250,0)p
node(63828,250,33600)
set(15,63828,28000,250,0)p
node(63828,250,28000)
set(15,63828,22400,250,0)
set(34,63828,22400,250,0)p
node(63828,250,22400)ramp
set(15,63828,16800,250,0)p
node(63828,250,16800)
fix(41,63828,16800,-2000,0)
set(15,63828,11200,250,0)p
node(63828,250,11200)
set(16,63828,5600,250,0)p
node(63828,250,5600)
set(15,63828,0,250,0)
chk(42,63828,0,250,0)
set(17,63828,-4450,250,180)p
node(63828,250,-4450)turn
set(20,59278,-4450,250,90)p
node(59278,250,-4450)
set(10,53678,-4450,250,90)p
node(53678,250,-4450)
set(28,48714,-4450,250,90)p
node(48714,250,-4450)ramp
set(10,43750,-4450,250,90)p
node(43750,250,-4450)
set(10,38150,-4450,250,-90)p
node(38150,250,-4450)
set(10,32550,-4450,250,-90)p
node(32550,250,-4450)
set(30,26441,-4450,250,90)p
node(26441,250,-4450)ramp
set(23,24761,-4450,250,-90)p
node(24761,250,-4450)

set(23,18550,-4450,250,90)p
node(18550,250,-4450)
set(10,15750,-4450,250,-90)p
node(15750,250,-4450)
set(20,10150,-4450,250,-90)p
node(10150,250,-4450)
set(15,4550,-4450,250,90)p
node(4550,250,-4450)
chk(42,1750,-4450,250,90)
set(17,0,-4450,250,90)p
node(0,250,-4450)turn

maxl(18,-5000,-6500)
maxt(16,77500,-2600)
maxr(18,71800,-6500)
maxb(16,-8900,-2600)

