cop(9,1000000000,1000000000)
cop(9,1000000000,1000000000)
cop(9,1000000000,1000000000)
cop(9,1000000000,1000000000)
cop(9,1000000000,1000000000)
cop(9,1000000000,1000000000)
cop(9,1000000000,1000000000)
cop(9,1000000000,1000000000)
cop(9,1000000000,1000000000)
cop(9,1000000000,1000000000)
cop(9,1000000000,1000000000)
cop(9,1000000000,1000000000)
cop(9,1000000000,1000000000)
cop(9,1000000000,1000000000)
cop(9,1000000000,1000000000)

snap(20,-10,-20)

sky(195,210,390)
fog(205,205,255)
ground(205,220,240)

wallid(121)
fadefrom(7000)

name(The Beach Arcade Dream)

nlaps(3)

set(10,0,0,250,0)p
node(0,250,0)
set(10,0,5600,250,0)p
node(0,250,5600)
set(22,0,8960,250,180)p
node(0,250,8960)
set(18,0,12320,250,0)p
node(0,250,12320)
set(18,0,17920,250,0)p
node(0,250,17920)
set(36,-1810,19000,250,90)ph
set(18,0,23520,250,0)p
node(0,250,23520)
set(22,0,26880,250,0)p
node(0,250,26880)
set(10,0,30240,250,0)p
node(0,250,30240)
chk(40,0,33040,250,0)
set(14,0,34790,250,0)
set(10,4550,34790,250,90)p
node(4550,250,34790)
set(10,10150,34790,250,90)p
node(10150,250,34790)
set(10,15750,34790,250,90)p
node(15750,250,34790)
set(10,21350,34790,250,90)p
node(21350,250,34790)
set(10,26950,34790,250,90)p
node(26950,250,34790)
set(23,29750,34790,250,90)
set(26,29750,34790,250,-90)p
node(29750,250,34790)ramp

set(23,35490,34790,250,-90)
set(26,35490,34790,250,90)p
node(35490,250,34790)ramp
set(10,38290,34790,250,-90)p
node(38290,250,34790)
set(14,42840,34790,250,-90)p
node(42840,250,34790)turn
set(22,42840,32480,250,0)p
node(42840,250,32480)
set(18,42840,29120,250,0)p
node(42840,250,29120)
set(19,42840,24570,250,180)p
node(42840,250,24570)turn
set(22,40530,24570,250,90)p
node(40530,250,24570)
chk(40,39970,24570,250,90)
set(10,37170,24570,250,90)p
node(37170,250,24570)
set(14,32620,24570,250,90)p
node(32620,250,24570)turn
set(10,32620,29120,250,180)p
node(32620,250,29120)
set(23,32620,31920,250,180)
set(26,32620,31920,250,0)p
node(32620,250,31920)ramp

set(23,32620,37660,250,0)
set(26,32620,37660,250,180)p
node(32620,250,37660)ramp
set(10,32620,40460,250,0)p
node(32620,250,40460)


set(10,32620,46060,250,0)p
node(32620,250,46060)
set(14,32620,50610,250,-90)p
node(32620,250,50610)turn
set(10,28070,50610,250,-90)
chk(40,28070,50610,250,90)
set(14,23520,50610,250,0)p
node(23520,250,50610)turn
set(10,23520,46060,250,0)p
node(23520,250,46060)
set(31,23520,39951,250,180)p
node(23520,250,39951)ramp
set(23,23520,38271,250,0)

fix(41,23520,30000,-3500,0)s

set(23,23520,31309,250,180)p
node(23520,250,31309)
set(31,23520,29629,250,0)p
node(23520,250,29629)
set(10,23520,23520,250,180)p
node(23520,250,23520)
set(10,23520,17920,250,180)p
node(23520,250,17920)
set(22,23520,14560,250,0)
set(18,23520,11200,250,0)p
node(23520,250,11200)
set(18,23520,5600,250,0)p
node(23520,250,5600)
set(18,23520,0,250,0)p
node(23520,250,0)
set(18,23520,-5600,250,0)p
node(23520,250,-5600)
set(22,23520,-8960,250,180)
set(22,23520,-10080,250,0)
chk(40,23520,-9520,250,0)
set(19,23520,-12390,250,180)p
node(23520,250,-12390)turn
set(18,18970,-12390,250,90)p
node(18970,250,-12390)
set(18,13370,-12390,250,90)p
node(13370,250,-12390)

set(25,12300,-10930,250,0)
set(36,12300,-9820,250,0)ph
set(25,12300,-13850,250,180)
set(36,12300,-14960,250,180)

set(25,10340,-10930,250,0)
set(36,10340,-9820,250,0)
set(25,10340,-13850,250,180)
set(36,10340,-14960,250,180)

set(25,8380,-10930,250,0)
set(36,8380,-9820,250,0)
set(25,8380,-13850,250,180)
set(36,8380,-14960,250,180)

set(18,7770,-12390,250,90)p
node(7770,250,-12390)
set(18,2170,-12390,250,90)

set(25,6420,-10930,250,0)
set(36,6420,-9820,250,0)
set(25,6420,-13850,250,180)
set(36,6420,-14960,250,180)ph

set(25,4460,-10930,250,0)
set(36,4460,-9820,250,0)
set(25,4460,-13850,250,180)
set(36,4460,-14960,250,180)ph

set(25,2500,-10930,250,0)
set(36,2500,-9820,250,0)
set(25,2500,-13850,250,180)
set(36,2500,-14960,250,180)ph

set(18,-3430,-12390,250,90)
set(18,-5490,-12390,250,90)
chk(40,-7240,-12390,250,90)
set(19,-10040,-12390,250,90)p
node(-10040,250,-12390)turn

set(21,-10040,-7840,250,180)p
node(-10040,250,-7840)
set(15,-10040,-2240,250,0)
set(15,-10040,60,250,0)p
node(-10040,250,60)
set(15,-10040,5660,250,0)p
node(-10040,250,5660)
set(15,-10040,11260,250,0)p
node(-10040,250,11260)
set(15,-10040,16860,250,0)p
node(-10040,250,16860)
set(15,-10040,22460,250,0)p
node(-10040,250,22460)
set(15,-10040,28060,250,0)p
node(-10040,250,28060)
set(15,-10040,33660,250,0)p
node(-10040,250,33660)
set(15,-10040,39260,250,0)p
node(-10040,250,39260)
set(17,-10040,43810,250,0)p
node(-10040,250,43810)turn
chk(42,-8290,43810,250,90)
set(17,-6540,43810,250,-90)p
node(-6540,250,43810)turn
set(15,-6540,39260,250,0)p
node(-6540,250,39260)
set(15,-6540,33660,250,0)p
node(-6540,250,33660)
set(16,-6540,28060,250,0)p
node(-6540,250,28060)
set(15,-6540,22460,250,0)p
node(-6540,250,22460)
set(15,-6540,16860,250,180)p
node(-6540,250,16860)
set(16,-6540,11260,250,180)p
node(-6540,250,11260)
set(20,-6540,5660,250,180)p
node(-6540,250,5660)
set(13,-5020,30,250,30)p
node(-5020,250,30)
set(14,-3500,-4550,250,90)p
node(-3500,250,-4550)turn
chk(40,-1750,-4550,250,90)
set(14,0,-4550,250,180)p
node(0,250,-4550)turn


set(33,-10040,60,250,0)
set(33,-10040,5660,250,0)
set(33,-10040,11260,250,0)
set(33,-10040,16860,250,0)
set(33,-10040,22460,250,0)
set(33,-10040,28060,250,0)
set(33,-10040,33660,250,0)
set(33,-10040,39260,250,0)

set(35,-6140,22460,250,0)
set(35,-6940,16860,250,180)

set(17,5000,28350,250,0)
set(15,9550,28350,250,90)
set(17,14100,28350,250,-90)
set(15,14100,23800,250,0)
set(15,14100,18200,250,0)
set(15,14100,12600,250,0)
set(34,14100,12600,250,0)
set(15,14100,7000,250,0)
set(15,14100,1400,250,0)

set(17,5000,-3150,250,90)
set(15,9550,-3150,250,90)
set(17,14100,-3150,250,180)

set(15,5000,1400,250,180)po
set(15,5000,7000,250,180)p
node(5000,250,7000)
set(15,5000,12600,250,0)p
node(5000,250,12600)
set(15,5000,18200,250,0)p
node(5000,250,18200)
set(34,5000,20000,250,180)
fix(41,5000,23800,-2000,0)s
set(15,5000,23800,250,0)p
node(5000,250,23800)

maxl(16,-15000,-18000)
maxt(13,56400,-12600)
maxr(16,47400,-18000)
maxb(13,-20400,-12600)

