cop(9,1000000000,1000000000)
cop(9,1000000000,1000000000)
cop(9,1000000000,1000000000)
cop(9,1000000000,1000000000)
cop(9,1000000000,1000000000)
cop(9,1000000000,1000000000)
cop(9,1000000000,1000000000)
cop(9,1000000000,1000000000)
cop(9,1000000000,1000000000)
cop(9,1000000000,1000000000)
cop(9,1000000000,1000000000)
cop(9,1000000000,1000000000)
cop(9,1000000000,1000000000)
cop(9,1000000000,1000000000)
cop(9,1000000000,1000000000)

snap(15,-7,-50)


sky(206,230,255)
fog(221,233,255) 
ground(200,200,200)
wallid(121)
name(Confusion In An Illusion)

fadefrom(6000)

nlaps(2)

set(15,0,0,250,0)p
node(0,250,0)
set(15,0,5600,250,0)p
node(0,250,5600)
set(15,0,11200,250,0)
set(35,0,9000,250,180)p
node(0,250,9000)ramp
set(15,0,16800,250,0)p
node(0,250,16800)
set(16,0,22400,250,0)p
node(0,250,22400)
set(15,0,28000,250,0)p
node(0,250,28000)
set(17,0,32550,250,0)p
node(0,250,32550)turn
chk(42,1750,32550,250,90)
set(17,3500,32550,250,-90)p
node(3500,250,32550)turn
set(20,3500,28000,250,180)p
node(3500,250,28000)
set(10,3500,22400,250,0)
set(26,3500,23000,250,180)p
node(3500,250,23000)ramp
set(10,3500,16800,250,0)p
node(3500,250,16800)
set(13,5020,11170,250,30)p
node(5020,250,11170)
chk(40,6540,8370,250,0)
set(20,6540,5540,250,0)p
node(6540,250,5540)
set(17,6540,990,250,90)p
node(6540,250,990)turn
set(17,10040,990,250,180)p
node(10040,250,990)turn
set(15,10040,5540,250,0)
set(34,10040,5540,250,180)p
node(10040,250,5540)ramp
set(20,10040,11140,250,0)p
node(10040,250,11140)
set(13,8520,16770,250,30)p
node(8520,250,16770)
chk(40,7000,19600,250,0)
set(12,8520,22430,250,-30)p
node(8520,250,22430)
chk(40,10040,25260,250,0)
set(10,10040,28060,250,0)p
node(10040,250,28060)
set(14,10040,32610,250,0)p
node(10040,250,32610)turn
chk(40,11790,32610,250,90)
set(14,13540,32610,250,-90)p
node(13540,250,32610)turn
set(20,13540,28060,250,0)p
node(13540,250,28060)
set(15,13540,22460,250,0)p
node(13540,250,22460)
set(15,13540,16860,250,0)p
node(13540,250,16860)
set(15,13540,11260,250,0)p
node(13540,250,11260)
set(33,13540,22460,250,0)
set(33,13540,16860,250,0)
set(33,13540,11260,250,0)
set(20,13540,5660,250,180)p
node(13540,250,5660)
set(14,13540,1110,250,90)p
node(13540,250,1110)turn
chk(40,15290,1110,250,90)
set(14,17040,1110,250,180)p
node(17040,250,1110)turn
set(10,17040,5660,250,0)p
node(17040,250,5660)
set(10,17040,11260,250,180)p
node(17040,250,11260)
set(30,17040,17369,250,0)p
node(17040,250,17369)
set(30,17040,20729,250,180)p
node(17040,250,20729)
set(20,17040,26710,250,180)p
node(17040,250,26710)
chk(42,17040,29500,250,0)
set(17,17040,31250,250,0)p
node(17040,250,31250)turn
set(17,20540,31250,250,-90)p
node(20540,250,31250)turn
set(15,20540,26700,250,180)p
node(20540,250,26700)
set(15,20540,21100,250,180)p
node(20540,250,21100)
set(15,20540,15500,250,180)
set(34,20540,15500,250,180)p
node(20540,250,15500)ramp
set(15,20540,9900,250,180)p
node(20540,250,9900)
fix(41,20540,11700,-2000,0)s
set(16,20540,4300,250,180)p
node(20540,250,4300)
set(17,20540,-250,250,90)p
node(20540,250,-250)turn
chk(42,22290,-250,250,90)
set(17,24040,-250,250,180)p
node(24040,250,-250)turn
set(20,24040,4300,250,0)p
node(24040,250,4300)
set(10,24040,9900,250,0)p
node(24040,250,9900)
set(29,24040,14800,250,0)p
node(24040,250,14800)ramp
set(10,24040,19770,250,180)
set(29,24040,19128,250,180)p
node(24040,250,19128)ramp
set(10,24040,25370,250,0)p
node(24040,250,25370)
chk(40,24040,28170,250,0)
set(13,22520,31000,250,30)p
node(22520,250,31000)
set(14,21000,35550,250,0)p
node(21000,250,35550)turn
chk(40,22750,35550,250,90)
set(14,24500,35550,250,-90)p
node(24500,250,35550)turn
set(13,26020,31000,250,30)p
node(26020,250,31000)
set(20,27540,25370,250,0)p
node(27540,250,25370)
set(15,27540,19770,250,0)p
node(27540,250,19770)
set(15,27540,14170,250,0)
set(35,27540,14170,250,180)p
node(27540,250,14170)ramp
set(16,27540,8570,250,0)p
node(27540,250,8570)
set(15,27540,2970,250,0)
chk(42,27540,2970,250,0)
set(21,27540,-2630,250,180)p
node(27540,250,-2630)
set(19,27540,-7180,250,180)p
node(27540,250,-7180)
set(18,22990,-7180,250,90)p
node(22990,250,-7180)
set(18,17390,-7180,250,90)p
node(17390,250,-7180)
set(18,11790,-7180,250,90)p
node(11790,250,-7180)
set(36,10690,-8990,250,180)ph
set(18,6190,-7180,250,90)p
node(6190,250,-7180)
set(18,590,-7180,250,90)
chk(40,590,-7180,250,90)
set(18,-5010,-7180,250,90)p
node(-5010,250,-7180)
set(19,-9560,-7180,250,90)p
node(-9560,250,-7180)
set(18,-9560,-2630,250,0)p
node(-9560,250,-2630)
set(18,-9560,1920,250,0)p
node(-9560,250,1920)
set(18,-9560,6470,250,0)p
node(-9560,250,6470)
set(36,-7750,7600,250,-90)p
node(-7750,250,7600)ramp
set(18,-9560,12070,250,0)p
node(-9560,250,12070)
set(18,-9560,17670,250,0)p
node(-9560,250,17670)
set(36,-7750,18770,250,-90)p
node(-7750,250,18770)ramp
set(18,-9560,23270,250,0)p
node(-9560,250,23270)
set(18,-9560,28870,250,0)p
node(-9560,250,28870)
set(18,-9560,34470,250,0)
chk(40,-9560,34470,250,0)
set(19,-9560,39020,250,0)p
node(-9560,250,39020)turn
set(18,-5010,39020,250,90)p
node(-5010,250,39020)
set(18,590,39020,250,90)p
node(590,250,39020)
set(36,1690,37210,250,180)ph
set(18,6190,39020,250,90)p
node(6190,250,39020)
set(36,7290,37210,250,180)p
node(7290,250,37210)ramp
set(18,11790,39020,250,90)p
node(11790,250,39020)
set(18,17390,39020,250,90)p
node(17390,250,39020)
set(18,22990,39020,250,90)p
node(22990,250,39020)
set(18,28590,39020,250,90)
chk(40,28590,39020,250,90)
set(19,33140,39020,250,-90)p
node(33140,250,39020)turn
set(18,33140,34470,250,0)p
node(33140,250,34470)
set(18,33140,28870,250,0)p
node(33140,250,28870)
set(36,31330,27770,250,90)p
node(31330,250,27770)ramp
set(18,33140,23270,250,0)p
node(33140,250,23270)
set(18,33140,17670,250,0)p
node(33140,250,17670)
set(36,31330,16570,250,90)p
node(31330,250,16570)ramp
set(18,33140,12070,250,0)p
node(33140,250,12070)
set(18,33140,6470,250,0)p
node(33140,250,6470)
set(36,31330,5370,250,90)p
node(31330,250,5370)ramp
set(18,33140,870,250,0)p
node(33140,250,870)
set(18,33140,-4730,250,0)p
node(33140,250,-4730)
set(18,33140,-10330,250,0)p
node(33140,250,-10330)
set(18,33140,-15930,250,0)
chk(40,33140,-15930,250,0)
set(19,33140,-20480,250,180)p
node(33140,250,-20480)turn
set(22,30830,-20480,250,90)p
node(30830,250,-20480)
set(10,27470,-20480,250,90)p
node(27470,250,-20480)
set(10,21870,-20480,250,90)p
node(21870,250,-20480)
set(23,19070,-20480,250,-90)p
node(19070,250,-20480)
set(32,18000,-20180,250,90)

set(23,11900,-20480,250,90)p
node(11900,250,-20480)
set(10,9100,-20480,250,90)p
node(9100,250,-20480)
set(10,4550,-20480,250,90)p
node(4550,250,-20480)
set(14,0,-20480,250,90)p
node(0,250,-20480)turn
set(10,0,-15930,250,0)
chk(40,0,-15930,250,0)
set(23,0,-13130,250,180)
set(26,0,-13130,250,0)p
node(0,250,-13130)ramp
set(24,0,-2800,250,180)p
node(0,250,-2800)

maxl(14,-13000,-23000)
maxt(10,41800,-10600)
maxr(14,35000,-23000)
maxb(10,-25400,-10600)
