cop(9,1000000000,1000000000)
cop(9,1000000000,1000000000)
cop(9,1000000000,1000000000)
cop(9,1000000000,1000000000)
cop(9,1000000000,1000000000)
cop(9,1000000000,1000000000)
cop(9,1000000000,1000000000)
cop(9,1000000000,1000000000)
cop(9,1000000000,1000000000)
cop(9,1000000000,1000000000)
cop(9,1000000000,1000000000)
cop(9,1000000000,1000000000)
cop(9,1000000000,1000000000)
cop(9,1000000000,1000000000)
cop(9,1000000000,1000000000)

snap(20,-30,-60)

sky(200,227,255)
fog(215,245,220) 
ground(195,210,217)
wallid(121)
fadefrom(7000)

name(The Mad Party)

nlaps(10)

set(15,0,0,250,0)p
node(0,250,0)
set(15,0,5600,250,0)p
node(0,250,5600)
set(15,0,11200,250,0)p
node(0,250,11200)
set(15,0,16800,250,0)p
node(0,250,16800)
set(20,0,22400,250,0)p
node(0,250,22400)
set(14,0,26950,250,-90)p
node(0,250,26950)
chk(40,-1750,26950,250,90)
set(14,-3500,26950,250,0)p
node(-3500,250,26950)
set(10,-3500,22400,250,0)p
node(-3500,250,22400)
set(10,-3500,16800,250,0)p
node(-3500,250,16800)
set(10,-3500,11200,250,0)p
node(-3500,250,11200)
set(10,-3500,5600,250,0)p
node(-3500,250,5600)
set(20,-3500,0,250,0)p
node(-3500,250,0)
set(17,0,-4550,250,180)p
node(0,250,-4550)
chk(42,-1750,-4550,250,90)
set(33,0,11200,250,180)
set(32,-3500,11200,250,180)
set(17,-3500,-4550,250,90)p
node(-3500,250,-4550)

maxr(8,3000,-6000)
maxb(2,-8400,-4200)
maxl(8,-6600,-6000)
maxt(2,30000,-4200)
