snap(-6,-8,-2)
sky(181,190,217)
fog(173,191,204)
clouds(255,255,255,0,-1000)
ground(191,191,191)
texture(0,0,0,31)
fadefrom(5000)
density(5)
mountains(5513)
nlaps(3)

name(The Bashathon)
//snap(-2,-43,-60)

//sky(255,255,191)
//fog(223,209,195)
//ground(22,113,7)


//fadefrom(4000)

//nlaps(3)

set(10,0,1000,250,0)p
chk(40,0,2000,250,0)
set(10,0,5900,250,0)p
set(10,0,10500,250,0)p
set(10,0,16000,250,0)p
set(68,0,21500,250,0)p
set(67,0,22900,250,0)p
set(67,0,24300,250,0)p
set(67,0,25700,250,0)p
set(67,0,27100,250,0)p

set(99,800,0,250,0)
set(99,-800,0,250,0)

set(90,8400,39100,250,0)
set(91,8400,48700,250,0)

set(67,0,28500,250,0)p
set(67,0,29900,250,0)p
set(67,0,31300,250,0)p
set(67,0,33700,250,0)p
set(68,0,36500,250,180)p
set(10,0,39100,250,0)p
set(10,0,44700,250,0)p
set(10,0,50300,250,0)p
chk(40,0,52500,250,0)
set(14,0,54800,250,0)pr
set(10,3900,54800,250,90)p
chk(40,6000,54800,250,90)
set(10,9500,54800,250,90)p
set(14,14000,54800,250,-90)pr
set(10,14000,50300,250,0)p
set(10,14000,44700,250,0)p
chk(40,14000,41900,250,0)
set(10,14000,39100,250,0)p
set(10,14000,33700,250,0)p
set(14,14000,29200,250,180)pr
set(10,9500,29200,250,90)p

set(23,3900,31400,250,180)

set(43,3900,29200,250,90)p
chk(40,2900,29200,250,90)
set(23,1100,29200,250,-90)p
set(32,-1000,29200,250,90)p

set(84,-3000,29200,250,90)
set(88,-6700,31200,250,180)
set(88,-6700,27200,250,0)
set(88,-11500,27200,250,0)
set(88,-11500,31200,250,180)
set(23,-9500,27000,250,0)
set(23,-9500,31400,250,180)
set(88,-11500,24700,250,90)
set(92,-9800,19100,250,90)

set(23,-6700,29200,250,90)p
chk(40,-7000,29200,250,90)
set(44,-9500,29200,250,90)p
set(14,-14000,29200,250,0)pr
set(10,-14000,24700,250,0)p
set(43,-14000,19100,250,0)p
chk(40,-14000,15000,250,0)
set(10,-14000,14500,250,0)p
set(10,-14000,9100,250,0)p
set(10,-14000,4500,250,0)p
set(14,-14000,0,250,90)pr
set(10,-9500,0,250,90)p
set(23,-7300,0,250,90)pr

set(23,0,-1200,250,0)pr



maxl(14,-21109,-4291)
maxb(9,-6691,-18709)
maxr(14,22091,-4291)
maxt(9,60509,-18709)